4816, 3209.0, 13261.0, 6625.0, 526.0, 26.0
4823, 6486.0, 10857.0, 6456.0, 509.0, 22.0
4824, 6481.0, 11904.0, 6512.0, 526.0, 24.0
4825, 6479.0, 12445.0, 6501.0, 532.0, 25.0
4826, 6479.0, 12044.0, 6583.0, 536.0, 24.0
4827, 6479.0, 12060.0, 6625.0, 538.0, 24.0
4828, 6478.0, 11899.0, 6501.0, 531.0, 24.0
4829, 6478.0, 12142.0, 6629.0, 540.0, 24.0
4830, 6477.0, 12388.0, 6479.0, 534.0, 25.0
4831, 6477.0, 12714.0, 6675.0, 550.0, 25.0
4832, 6478.0, 11998.0, 6577.0, 539.0, 24.0
4833, 6479.0, 10329.0, 6447.0, 509.0, 21.0
4836, 6478.0, 8691.0, 6315.0, 498.0, 18.0
4840, 6476.0, 10333.0, 6454.0, 510.0, 21.0
4841, 6477.0, 9210.0, 6363.0, 501.0, 19.0
4842, 6477.0, 9198.0, 6357.0, 501.0, 19.0
4843, 6476.0, 9842.0, 6451.0, 508.0, 20.0
4844, 6475.0, 10265.0, 6423.0, 510.0, 21.0
4845, 6475.0, 10250.0, 6418.0, 507.0, 21.0
4846, 6474.0, 11234.0, 6422.0, 515.0, 23.0
4847, 6474.0, 10964.0, 6548.0, 523.0, 22.0
4848, 6474.0, 9816.0, 6444.0, 510.0, 20.0
4849, 6474.0, 9884.0, 6487.0, 514.0, 20.0
4850, 6472.0, 11761.0, 6420.0, 518.0, 24.0
4851, 6472.0, 11740.0, 6412.0, 520.0, 24.0
4852, 6472.0, 11328.0, 6463.0, 518.0, 23.0
4853, 6472.0, 10892.0, 6489.0, 518.0, 22.0
4854, 4114.0, 8749.0, 6376.0, 503.0, 18.0
4854, 6472.0, 10767.0, 6442.0, 514.0, 22.0
4855, 6471.0, 11595.0, 6342.0, 513.0, 24.0
4856, 6471.0, 11301.0, 6435.0, 518.0, 23.0
4857, 6471.0, 11231.0, 6403.0, 511.0, 23.0
4858, 6472.0, 10160.0, 6360.0, 505.0, 21.0
4859, 6471.0, 10350.0, 6456.0, 515.0, 21.0
4860, 6471.0, 10137.0, 6330.0, 503.0, 21.0
4861, 6471.0, 10164.0, 6363.0, 504.0, 21.0
4862, 6470.0, 10629.0, 6336.0, 509.0, 22.0
4863, 6470.0, 10892.0, 6497.0, 520.0, 22.0
4864, 6470.0, 11003.0, 6571.0, 525.0, 22.0
4865, 6471.0, 10428.0, 6526.0, 516.0, 21.0
4866, 6470.0, 10554.0, 6590.0, 522.0, 21.0
4867, 6471.0, 9863.0, 6486.0, 512.0, 20.0
4868, 6470.0, 10858.0, 6459.0, 514.0, 22.0
4869, 6469.0, 10939.0, 6516.0, 524.0, 22.0
4870, 6471.0, 10713.0, 6388.0, 508.0, 22.0
4872, 6469.0, 14242.0, 6587.0, 544.0, 28.0
4873, 6467.0, 22248.0, 6592.0, 553.0, 43.0
4874, 6468.0, 39781.0, 6503.0, 556.0, 78.0
4875, 6467.0, 49148.0, 6563.0, 548.0, 95.0
4876, 6466.0, 23171.0, 6506.0, 549.0, 45.0
4876, 6540.0, 18619.0, 6593.0, 568.0, 36.0
4877, 6466.0, 18790.0, 6437.0, 555.0, 37.0
4877, 6545.0, 17060.0, 6409.0, 542.0, 34.0
4878, 6463.0, 18931.0, 6552.0, 541.0, 37.0
4878, 6549.0, 15864.0, 6594.0, 554.0, 31.0
4879, 6461.0, 14106.0, 6505.0, 537.0, 28.0
4879, 6543.0, 19107.0, 6521.0, 529.0, 38.0
4880, 6465.0, 11704.0, 6403.0, 518.0, 24.0
4880, 6530.0, 14322.0, 6378.0, 514.0, 29.0
4880, 6560.0, 9705.0, 6371.0, 500.0, 20.0
4881, 6463.0, 13465.0, 6507.0, 538.0, 27.0
4881, 6519.0, 16062.0, 6491.0, 525.0, 32.0
4881, 6557.0, 10826.0, 6423.0, 510.0, 22.0
4883, 6463.0, 12836.0, 6424.0, 528.0, 26.0
4883, 6503.0, 10381.0, 6441.0, 502.0, 21.0
4885, 6463.0, 22345.0, 6503.0, 531.0, 45.0
4886, 6464.0, 20381.0, 6598.0, 535.0, 40.0
4887, 6463.0, 19550.0, 6527.0, 557.0, 38.0
4888, 6462.0, 21113.0, 6581.0, 582.0, 40.0
4889, 6462.0, 21457.0, 6590.0, 577.0, 41.0
4890, 6462.0, 16093.0, 6680.0, 577.0, 31.0
4891, 6459.0, 17342.0, 6691.0, 589.0, 33.0
4892, 6458.0, 17787.0, 6788.0, 628.0, 33.0
4893, 6459.0, 16466.0, 6790.0, 615.0, 31.0
4894, 6460.0, 14470.0, 6713.0, 580.0, 28.0
4895, 6458.0, 15194.0, 6738.0, 600.0, 29.0
4896, 6457.0, 15676.0, 6679.0, 623.0, 30.0
4897, 6457.0, 14491.0, 6692.0, 602.0, 28.0
4898, 3886.0, 10638.0, 6357.0, 517.0, 22.0
4898, 6456.0, 15313.0, 6561.0, 598.0, 30.0
4899, 3887.0, 11331.0, 6484.0, 525.0, 23.0
4899, 6456.0, 14628.0, 6755.0, 609.0, 28.0
4900, 6455.0, 15075.0, 6686.0, 609.0, 29.0
4901, 6455.0, 14814.0, 6600.0, 591.0, 29.0
4902, 6455.0, 13634.0, 6554.0, 568.0, 27.0
4903, 6455.0, 13001.0, 6512.0, 542.0, 26.0
4904, 6455.0, 12368.0, 6457.0, 532.0, 25.0
4905, 6455.0, 12271.0, 6436.0, 529.0, 25.0
4906, 6454.0, 13554.0, 6538.0, 543.0, 27.0
4907, 6452.0, 15834.0, 6538.0, 567.0, 31.0
4908, 6450.0, 16724.0, 6594.0, 612.0, 32.0
4909, 6451.0, 15623.0, 6657.0, 610.0, 30.0
4910, 6453.0, 12465.0, 6550.0, 542.0, 25.0
4911, 6452.0, 12959.0, 6519.0, 540.0, 26.0
4912, 6452.0, 13197.0, 6655.0, 556.0, 26.0
4913, 6451.0, 13670.0, 6580.0, 562.0, 27.0
4914, 6451.0, 12750.0, 6412.0, 535.0, 26.0
4915, 6451.0, 11710.0, 6412.0, 524.0, 24.0
4916, 6451.0, 11452.0, 6563.0, 537.0, 23.0
4917, 6450.0, 11909.0, 6530.0, 537.0, 24.0
4918, 6449.0, 12332.0, 6474.0, 534.0, 25.0
4919, 6449.0, 12475.0, 6563.0, 539.0, 25.0
4920, 6449.0, 11832.0, 6483.0, 530.0, 24.0
4921, 6448.0, 12262.0, 6417.0, 529.0, 25.0
4922, 6448.0, 12326.0, 6473.0, 532.0, 25.0
4923, 6447.0, 13027.0, 6571.0, 543.0, 26.0
4924, 6446.0, 12857.0, 6445.0, 545.0, 26.0
4925, 6446.0, 12272.0, 6444.0, 535.0, 25.0
4926, 6445.0, 12951.0, 6493.0, 539.0, 26.0
4927, 6445.0, 12052.0, 6310.0, 520.0, 25.0
4928, 6444.0, 13056.0, 6560.0, 544.0, 26.0
4929, 6444.0, 12509.0, 6566.0, 545.0, 25.0
4930, 6443.0, 13011.0, 6547.0, 544.0, 26.0
4931, 6443.0, 12445.0, 6532.0, 541.0, 25.0
4932, 6442.0, 12593.0, 6582.0, 547.0, 25.0
4933, 6441.0, 12961.0, 6502.0, 546.0, 26.0
4934, 6441.0, 12466.0, 6535.0, 542.0, 25.0
4935, 6441.0, 11814.0, 6463.0, 529.0, 24.0
4936, 6440.0, 12365.0, 6488.0, 534.0, 25.0
4937, 6440.0, 12037.0, 6594.0, 538.0, 24.0
4938, 6439.0, 11863.0, 6472.0, 532.0, 24.0
4939, 6438.0, 12888.0, 6492.0, 541.0, 26.0
4940, 6438.0, 12401.0, 6516.0, 541.0, 25.0
4941, 6437.0, 12524.0, 6573.0, 542.0, 25.0
4942, 6437.0, 11898.0, 6531.0, 536.0, 24.0
4943, 6436.0, 12359.0, 6509.0, 534.0, 25.0
4944, 6435.0, 12505.0, 6564.0, 543.0, 25.0
4945, 6434.0, 12620.0, 6599.0, 545.0, 25.0
4946, 6434.0, 11948.0, 6555.0, 541.0, 24.0
4947, 6432.0, 12824.0, 6427.0, 538.0, 26.0
4948, 6432.0, 12951.0, 6507.0, 544.0, 26.0
4949, 6432.0, 12508.0, 6565.0, 543.0, 25.0
4950, 6431.0, 12485.0, 6542.0, 545.0, 25.0
4950, 6469.0, 15170.0, 6533.0, 547.0, 30.0
4951, 6430.0, 13176.0, 6641.0, 554.0, 26.0
4951, 6464.0, 16359.0, 6572.0, 545.0, 32.0
4952, 6430.0, 12596.0, 6605.0, 546.0, 25.0
4952, 6464.0, 12618.0, 6605.0, 541.0, 25.0
4953, 6430.0, 11998.0, 6583.0, 539.0, 24.0
4954, 6429.0, 12498.0, 6566.0, 539.0, 25.0
4954, 6458.0, 9367.0, 6449.0, 506.0, 19.0
4955, 6428.0, 21753.0, 6462.0, 533.0, 44.0
4956, 6428.0, 19858.0, 6637.0, 542.0, 39.0
4957, 6427.0, 17805.0, 6568.0, 550.0, 35.0
4958, 6426.0, 16878.0, 6534.0, 573.0, 33.0
4959, 6425.0, 15462.0, 6659.0, 581.0, 30.0
4960, 6423.0, 15049.0, 6678.0, 606.0, 29.0
4961, 6422.0, 15900.0, 6745.0, 635.0, 30.0
4962, 6422.0, 14927.0, 6630.0, 594.0, 29.0
4963, 6422.0, 13907.0, 6682.0, 586.0, 27.0
4964, 6421.0, 14424.0, 6678.0, 591.0, 28.0
4965, 6420.0, 15165.0, 6763.0, 619.0, 29.0
4966, 6419.0, 15357.0, 6571.0, 607.0, 30.0
4967, 6419.0, 13677.0, 6561.0, 569.0, 27.0
4968, 6420.0, 12042.0, 6585.0, 542.0, 24.0
4969, 6419.0, 12511.0, 6553.0, 540.0, 25.0
4970, 6418.0, 12983.0, 6532.0, 550.0, 26.0
4971, 6418.0, 12367.0, 6500.0, 543.0, 25.0
4972, 6417.0, 13081.0, 6614.0, 554.0, 26.0
4973, 6416.0, 13248.0, 6665.0, 566.0, 26.0
4974, 6416.0, 12614.0, 6655.0, 554.0, 25.0
4975, 6415.0, 13271.0, 6678.0, 561.0, 26.0
4992, 6383.0, 25247.0, 6633.0, 587.0, 49.0
4993, 6383.0, 24254.0, 6568.0, 581.0, 47.0
4994, 6393.0, 21844.0, 6721.0, 639.0, 40.0
4995, 6398.0, 20255.0, 6853.0, 702.0, 36.0
4996, 6401.0, 15408.0, 6837.0, 629.0, 29.0
4997, 6401.0, 13755.0, 6655.0, 557.0, 27.0
4998, 6401.0, 11913.0, 6529.0, 536.0, 24.0
4999, 6400.0, 12620.0, 6638.0, 547.0, 25.0
5000, 6399.0, 13246.0, 6679.0, 555.0, 26.0
5001, 6398.0, 12925.0, 6518.0, 544.0, 26.0
5002, 6398.0, 12546.0, 6571.0, 547.0, 25.0
5003, 6398.0, 12633.0, 6654.0, 549.0, 25.0
5004, 6396.0, 13077.0, 6561.0, 546.0, 26.0
5005, 6396.0, 12437.0, 6514.0, 546.0, 25.0
5006, 6395.0, 12518.0, 6575.0, 548.0, 25.0
5007, 6394.0, 13143.0, 6607.0, 551.0, 26.0
5008, 6394.0, 12970.0, 6813.0, 563.0, 25.0
5009, 6392.0, 13244.0, 6633.0, 563.0, 26.0
5010, 6391.0, 13809.0, 6638.0, 570.0, 27.0
5011, 6391.0, 13211.0, 6625.0, 563.0, 26.0
5012, 6390.0, 13278.0, 6681.0, 568.0, 26.0
5013, 6389.0, 13802.0, 6675.0, 575.0, 27.0
5014, 6387.0, 14878.0, 6600.0, 595.0, 29.0
5015, 6386.0, 14668.0, 6752.0, 594.0, 28.0
5016, 6386.0, 14560.0, 6768.0, 597.0, 28.0
5017, 6385.0, 14399.0, 6695.0, 579.0, 28.0
5018, 6380.0, 16808.0, 6622.0, 609.0, 32.0
5019, 6379.0, 17721.0, 6736.0, 629.0, 33.0
5020, 6381.0, 15017.0, 6637.0, 592.0, 29.0
5021, 6382.0, 14565.0, 6761.0, 599.0, 28.0
5022, 6382.0, 13871.0, 6683.0, 590.0, 27.0
5023, 6382.0, 13272.0, 6692.0, 572.0, 26.0
5024, 6381.0, 13219.0, 6662.0, 564.0, 26.0
5025, 6380.0, 13371.0, 6747.0, 563.0, 26.0
5026, 6379.0, 12975.0, 6538.0, 553.0, 26.0
5027, 6378.0, 12980.0, 6513.0, 559.0, 26.0
5028, 6377.0, 13550.0, 6540.0, 559.0, 27.0
5029, 6376.0, 13847.0, 6683.0, 578.0, 27.0
5030, 6375.0, 14119.0, 6795.0, 587.0, 27.0
5031, 6374.0, 13968.0, 6701.0, 589.0, 27.0
5032, 6374.0, 13904.0, 6737.0, 581.0, 27.0
5033, 6373.0, 13263.0, 6698.0, 572.0, 26.0
5033, 6494.0, 10398.0, 6488.0, 517.0, 21.0
5034, 6372.0, 13793.0, 6648.0, 571.0, 27.0
5035, 6372.0, 13184.0, 6642.0, 562.0, 26.0
5036, 6371.0, 13136.0, 6630.0, 564.0, 26.0
5037, 6370.0, 13224.0, 6664.0, 567.0, 26.0
5038, 6369.0, 14757.0, 6871.0, 589.0, 28.0
5038, 6510.0, 10659.0, 6655.0, 526.0, 21.0
5039, 6368.0, 16724.0, 6720.0, 589.0, 32.0
5039, 6511.0, 9899.0, 6494.0, 514.0, 20.0
5040, 6367.0, 13711.0, 6598.0, 561.0, 27.0
5041, 6367.0, 13514.0, 6828.0, 573.0, 26.0
5042, 6365.0, 13898.0, 6737.0, 581.0, 27.0
5043, 6363.0, 14662.0, 6786.0, 606.0, 28.0
5044, 6363.0, 13798.0, 6647.0, 578.0, 27.0
5045, 6364.0, 13034.0, 6587.0, 552.0, 26.0
5046, 6363.0, 12440.0, 6514.0, 548.0, 25.0
5046, 6429.0, 11285.0, 6438.0, 518.0, 23.0
5047, 6362.0, 13966.0, 6769.0, 593.0, 27.0
5047, 6429.0, 12078.0, 6611.0, 537.0, 24.0
5048, 6361.0, 14000.0, 6759.0, 599.0, 27.0
5049, 6360.0, 14185.0, 6830.0, 602.0, 27.0
5050, 6359.0, 14366.0, 6673.0, 600.0, 28.0
5051, 6358.0, 14259.0, 6611.0, 579.0, 28.0
5052, 6357.0, 13639.0, 6596.0, 562.0, 27.0
5052, 6417.0, 10340.0, 6454.0, 514.0, 21.0
5053, 6356.0, 13170.0, 6618.0, 559.0, 26.0
5053, 6418.0, 9839.0, 6462.0, 511.0, 20.0
5054, 6355.0, 13382.0, 6716.0, 571.0, 26.0
5055, 6354.0, 13225.0, 6608.0, 565.0, 26.0
5056, 6354.0, 12820.0, 6495.0, 549.0, 26.0
5057, 6352.0, 13577.0, 6570.0, 564.0, 27.0
5058, 6351.0, 13614.0, 6573.0, 568.0, 27.0
5059, 6351.0, 13133.0, 6589.0, 561.0, 26.0
5060, 6350.0, 12966.0, 6531.0, 561.0, 26.0
5061, 6349.0, 13237.0, 6407.0, 552.0, 27.0
5062, 6348.0, 13363.0, 6469.0, 553.0, 27.0
5063, 6347.0, 13439.0, 6518.0, 564.0, 27.0
5064, 6346.0, 13496.0, 6528.0, 563.0, 27.0
5065, 6344.0, 13958.0, 6488.0, 558.0, 28.0
5066, 6338.0, 17915.0, 6509.0, 625.0, 34.0
5067, 6340.0, 17013.0, 6396.0, 633.0, 33.0
5068, 6343.0, 15475.0, 6647.0, 617.0, 30.0
5069, 6342.0, 15743.0, 6688.0, 629.0, 30.0
5070, 6341.0, 15388.0, 6562.0, 624.0, 30.0
5071, 6340.0, 15081.0, 6631.0, 630.0, 29.0
5072, 6339.0, 16007.0, 6784.0, 675.0, 30.0
5073, 3527.0, 9540.0, 6293.0, 507.0, 20.0
5073, 6337.0, 16516.0, 6613.0, 691.0, 31.0
5074, 6336.0, 18710.0, 6890.0, 768.0, 33.0
5075, 6336.0, 17307.0, 6952.0, 747.0, 31.0
5076, 6336.0, 15091.0, 6627.0, 655.0, 29.0
5076, 6569.0, 9431.0, 6192.0, 491.0, 20.0
5077, 6336.0, 14219.0, 6607.0, 600.0, 28.0
5078, 6335.0, 14330.0, 6655.0, 597.0, 28.0
5079, 6334.0, 14240.0, 6602.0, 605.0, 28.0
5080, 6333.0, 14430.0, 6667.0, 608.0, 28.0
5081, 6332.0, 14794.0, 6591.0, 580.0, 29.0
5082, 6331.0, 12462.0, 6517.0, 544.0, 25.0
5083, 6330.0, 12862.0, 6461.0, 538.0, 26.0
5084, 6329.0, 13484.0, 6550.0, 555.0, 27.0
5085, 6328.0, 13911.0, 6744.0, 588.0, 27.0
5086, 6327.0, 13648.0, 6608.0, 575.0, 27.0
5087, 6326.0, 13676.0, 6602.0, 565.0, 27.0
5088, 6325.0, 14282.0, 6594.0, 584.0, 28.0
5089, 6325.0, 14073.0, 6806.0, 602.0, 27.0
5090, 6324.0, 14042.0, 6756.0, 596.0, 27.0
5091, 6323.0, 13474.0, 6760.0, 575.0, 26.0
5092, 6321.0, 15788.0, 6729.0, 630.0, 30.0
5093, 6321.0, 17050.0, 6930.0, 692.0, 31.0
5094, 6320.0, 15352.0, 6740.0, 630.0, 29.0
5095, 6320.0, 14148.0, 6835.0, 603.0, 27.0
5096, 6319.0, 14808.0, 6871.0, 610.0, 28.0
5097, 6318.0, 14303.0, 6645.0, 597.0, 28.0
5098, 6317.0, 14607.0, 6767.0, 606.0, 28.0
5099, 6316.0, 15905.0, 6789.0, 622.0, 30.0
5100, 6315.0, 26140.0, 6816.0, 632.0, 49.0
5101, 6315.0, 24481.0, 6661.0, 562.0, 47.0
5102, 6313.0, 22530.0, 6595.0, 550.0, 44.0
5103, 6311.0, 19472.0, 6643.0, 570.0, 38.0
5120, 6295.0, 14233.0, 6628.0, 587.0, 28.0
5121, 6295.0, 13808.0, 6710.0, 585.0, 27.0
5122, 6294.0, 13635.0, 6590.0, 572.0, 27.0
5123, 6294.0, 13271.0, 6697.0, 574.0, 26.0
5124, 6293.0, 13923.0, 6736.0, 586.0, 27.0
5125, 6292.0, 14097.0, 6794.0, 598.0, 27.0
5126, 6291.0, 14408.0, 6687.0, 592.0, 28.0
5127, 6290.0, 14535.0, 6720.0, 600.0, 28.0
5128, 6289.0, 15123.0, 6733.0, 606.0, 29.0
5129, 6288.0, 14601.0, 6710.0, 598.0, 28.0
5130, 6288.0, 13907.0, 6734.0, 597.0, 27.0
5131, 6287.0, 13960.0, 6761.0, 589.0, 27.0
5132, 6286.0, 13617.0, 6580.0, 573.0, 27.0
5133, 6285.0, 13933.0, 6737.0, 591.0, 27.0
5134, 6283.0, 15110.0, 6742.0, 600.0, 29.0
5135, 6277.0, 19702.0, 6607.0, 693.0, 36.0
5136, 6273.0, 22748.0, 6539.0, 769.0, 40.0
5137, 6276.0, 20042.0, 6589.0, 743.0, 36.0
5138, 6278.0, 17189.0, 6658.0, 689.0, 32.0
5139, 6279.0, 14232.0, 6596.0, 594.0, 28.0
5140, 6278.0, 12916.0, 6496.0, 544.0, 26.0
5141, 6276.0, 14573.0, 6454.0, 573.0, 29.0
5142, 6275.0, 18831.0, 6718.0, 644.0, 35.0
5143, 6274.0, 20117.0, 6707.0, 668.0, 37.0
5144, 6273.0, 17178.0, 6606.0, 616.0, 33.0
5145, 6273.0, 15006.0, 6725.0, 595.0, 29.0
5146, 6272.0, 14545.0, 6737.0, 592.0, 28.0
5147, 6271.0, 14328.0, 6609.0, 584.0, 28.0
5148, 6271.0, 13856.0, 6712.0, 579.0, 27.0
5149, 6270.0, 13860.0, 6727.0, 579.0, 27.0
5150, 6268.0, 14293.0, 6568.0, 576.0, 28.0
5151, 6268.0, 13836.0, 6681.0, 580.0, 27.0
5152, 6267.0, 13974.0, 6502.0, 567.0, 28.0
5153, 6266.0, 14771.0, 6627.0, 598.0, 29.0
5154, 6265.0, 14728.0, 6564.0, 592.0, 29.0
5155, 6264.0, 14214.0, 6588.0, 576.0, 28.0
5156, 6263.0, 13929.0, 6433.0, 563.0, 28.0
5157, 6262.0, 14178.0, 6566.0, 570.0, 28.0
5158, 6261.0, 14303.0, 6638.0, 585.0, 28.0
5159, 6260.0, 14232.0, 6615.0, 575.0, 28.0
5160, 6259.0, 14210.0, 6575.0, 572.0, 28.0
5161, 6258.0, 13740.0, 6384.0, 555.0, 28.0
5162, 6257.0, 14249.0, 6598.0, 587.0, 28.0
5163, 6254.0, 16257.0, 6590.0, 632.0, 31.0
5164, 6251.0, 18334.0, 6466.0, 707.0, 34.0
5165, 6252.0, 16931.0, 6657.0, 662.0, 32.0
5166, 6252.0, 14403.0, 6390.0, 574.0, 29.0
5167, 6252.0, 14087.0, 6537.0, 581.0, 28.0
5168, 6251.0, 14136.0, 6572.0, 579.0, 28.0
5169, 6250.0, 13592.0, 6585.0, 569.0, 27.0
5170, 6249.0, 14165.0, 6583.0, 575.0, 28.0
5171, 6248.0, 14011.0, 6518.0, 569.0, 28.0
5172, 6247.0, 13617.0, 6572.0, 577.0, 27.0
5173, 6246.0, 14074.0, 6522.0, 577.0, 28.0
5174, 6245.0, 14096.0, 6563.0, 574.0, 28.0
5175, 6243.0, 18295.0, 6560.0, 615.0, 35.0
5176, 6242.0, 17917.0, 6579.0, 639.0, 34.0
5177, 6241.0, 16074.0, 6531.0, 622.0, 31.0
5178, 6240.0, 14788.0, 6528.0, 582.0, 29.0
5179, 6237.0, 15873.0, 6731.0, 656.0, 30.0
5180, 6238.0, 12723.0, 6429.0, 534.0, 26.0
5282, 6493.0, 9788.0, 6465.0, 526.0, 20.0
5283, 6489.0, 11880.0, 6846.0, 583.0, 23.0
5284, 6485.0, 11073.0, 6677.0, 551.0, 22.0
5447, 4839.0, 8132.0, 6256.0, 493.0, 17.0
5464, 3200.0, 14601.0, 6514.0, 563.0, 29.0
5465, 3205.0, 15307.0, 6556.0, 579.0, 30.0
5466, 3212.0, 15492.0, 6439.0, 545.0, 31.0
5467, 3220.0, 15609.0, 6499.0, 545.0, 31.0
5468, 3229.0, 15022.0, 6485.0, 545.0, 30.0
5469, 3237.0, 15187.0, 6554.0, 547.0, 30.0
5470, 3245.0, 15881.0, 6360.0, 534.0, 32.0
5471, 3254.0, 16933.0, 6505.0, 579.0, 33.0
5472, 3261.0, 17841.0, 6733.0, 575.0, 34.0
5473, 3261.0, 21858.0, 6636.0, 567.0, 42.0
5474, 3279.0, 17166.0, 6600.0, 576.0, 33.0
5475, 3287.0, 17221.0, 6715.0, 576.0, 33.0
5476, 3291.0, 19676.0, 6569.0, 568.0, 38.0
5477, 3294.0, 24388.0, 6605.0, 596.0, 46.0
5478, 3299.0, 24448.0, 6593.0, 566.0, 47.0
5479, 3322.0, 16483.0, 6619.0, 563.0, 32.0
5480, 3332.0, 16075.0, 6713.0, 567.0, 31.0
5481, 3340.0, 16902.0, 6781.0, 584.0, 32.0
5482, 3347.0, 17629.0, 6615.0, 564.0, 34.0
5483, 3358.0, 16771.0, 6724.0, 579.0, 32.0
5484, 3367.0, 16849.0, 6558.0, 554.0, 33.0
5485, 3376.0, 18674.0, 6608.0, 558.0, 36.0
5486, 3388.0, 15809.0, 6522.0, 571.0, 31.0
5487, 3395.0, 17849.0, 6689.0, 588.0, 34.0
5488, 3403.0, 17281.0, 6646.0, 595.0, 33.0
5489, 3409.0, 18651.0, 6625.0, 629.0, 35.0
5490, 3416.0, 19221.0, 6575.0, 561.0, 37.0
5491, 3431.0, 15750.0, 6548.0, 557.0, 31.0
5492, 3439.0, 17223.0, 6500.0, 550.0, 34.0
5493, 3447.0, 19245.0, 6535.0, 589.0, 37.0
5494, 3455.0, 19652.0, 6442.0, 598.0, 38.0
5495, 3463.0, 21156.0, 6583.0, 590.0, 40.0
5496, 3475.0, 19518.0, 6606.0, 594.0, 37.0
5497, 3486.0, 17305.0, 6642.0, 598.0, 33.0
5498, 3493.0, 17313.0, 6582.0, 605.0, 33.0
5499, 3501.0, 18110.0, 6601.0, 569.0, 35.0
5500, 3512.0, 17954.0, 6555.0, 562.0, 35.0
5501, 3521.0, 17621.0, 6536.0, 594.0, 34.0
5502, 3528.0, 18730.0, 6509.0, 590.0, 36.0
5503, 3537.0, 17893.0, 6490.0, 563.0, 35.0
5504, 3548.0, 18112.0, 6773.0, 586.0, 34.0
5505, 3557.0, 16871.0, 6579.0, 557.0, 33.0
5506, 3565.0, 19139.0, 6735.0, 584.0, 36.0
5507, 3576.0, 18482.0, 6725.0, 581.0, 35.0
5508, 3584.0, 19206.0, 6726.0, 598.0, 36.0
5509, 3593.0, 19148.0, 6678.0, 601.0, 36.0
5510, 3604.0, 17791.0, 6652.0, 573.0, 34.0
5511, 3613.0, 17673.0, 6584.0, 569.0, 34.0
5512, 3623.0, 18393.0, 6676.0, 582.0, 35.0
5513, 3632.0, 17823.0, 6660.0, 570.0, 34.0
5514, 3642.0, 17623.0, 6625.0, 566.0, 34.0
5515, 3651.0, 18372.0, 6634.0, 578.0, 35.0
5516, 3660.0, 19032.0, 6714.0, 584.0, 36.0
5517, 3670.0, 18719.0, 6757.0, 595.0, 35.0
5518, 3679.0, 18880.0, 6644.0, 581.0, 36.0
5519, 3689.0, 20641.0, 6605.0, 596.0, 39.0
5520, 3698.0, 21460.0, 6622.0, 681.0, 39.0
5521, 3705.0, 21426.0, 6635.0, 615.0, 40.0
5522, 3719.0, 17891.0, 6723.0, 578.0, 34.0
5523, 3729.0, 17719.0, 6633.0, 569.0, 34.0
5524, 3737.0, 19779.0, 6660.0, 604.0, 37.0
5525, 3745.0, 20224.0, 6528.0, 566.0, 39.0
5526, 3758.0, 20233.0, 6659.0, 597.0, 38.0
5527, 3767.0, 20030.0, 6556.0, 598.0, 38.0
5528, 3778.0, 18705.0, 6631.0, 563.0, 36.0
5529, 3788.0, 18912.0, 6644.0, 580.0, 36.0
5530, 3798.0, 20588.0, 6624.0, 582.0, 39.0
5531, 3809.0, 21658.0, 6678.0, 572.0, 41.0
5532, 3822.0, 20281.0, 6568.0, 570.0, 39.0
5533, 3834.0, 19624.0, 6780.0, 628.0, 36.0
5534, 3841.0, 20896.0, 6676.0, 605.0, 39.0
5535, 3852.0, 19735.0, 6733.0, 589.0, 37.0
5536, 3863.0, 19518.0, 6649.0, 581.0, 37.0
5537, 3873.0, 20507.0, 6591.0, 585.0, 39.0
5538, 3884.0, 20276.0, 6485.0, 583.0, 39.0
5539, 3895.0, 20465.0, 6550.0, 599.0, 39.0
5540, 3905.0, 20864.0, 6473.0, 593.0, 40.0
5541, 3916.0, 22711.0, 6613.0, 613.0, 42.0
5542, 3928.0, 22792.0, 6617.0, 659.0, 42.0
5543, 3936.0, 22256.0, 6580.0, 644.0, 41.0
5544, 3947.0, 22881.0, 6423.0, 579.0, 44.0
5545, 3962.0, 20666.0, 6382.0, 598.0, 40.0
5546, 3971.0, 23109.0, 6423.0, 598.0, 44.0
5547, 3983.0, 21413.0, 6532.0, 628.0, 40.0
5548, 3992.0, 21996.0, 6339.0, 570.0, 43.0
5549, 4007.0, 21252.0, 6350.0, 612.0, 41.0
5550, 4016.0, 21685.0, 6485.0, 616.0, 41.0
5551, 4027.0, 21238.0, 6483.0, 621.0, 40.0
5552, 4037.0, 20371.0, 6451.0, 609.0, 39.0
5552, 4085.0, 16516.0, 6231.0, 508.0, 34.0
5553, 4045.0, 41114.0, 6491.0, 597.0, 80.0
5555, 4067.0, 31820.0, 6528.0, 608.0, 62.0
5555, 4210.0, 14797.0, 6399.0, 513.0, 30.0
5557, 4087.0, 21346.0, 6556.0, 605.0, 40.0
5557, 4202.0, 11275.0, 6438.0, 515.0, 23.0
5558, 4096.0, 20726.0, 6486.0, 640.0, 39.0
5558, 4198.0, 12282.0, 6435.0, 535.0, 25.0
5559, 4105.0, 20335.0, 6492.0, 590.0, 39.0
5559, 4194.0, 12834.0, 6469.0, 525.0, 26.0
5560, 4115.0, 20086.0, 6679.0, 643.0, 37.0
5560, 4186.0, 15267.0, 6619.0, 541.0, 30.0
5561, 4123.0, 19430.0, 6587.0, 594.0, 37.0
5561, 4180.0, 14098.0, 6553.0, 548.0, 28.0
5562, 4132.0, 18951.0, 6594.0, 595.0, 36.0
5562, 4175.0, 14240.0, 6652.0, 552.0, 28.0
5563, 4140.0, 33382.0, 6559.0, 604.0, 61.0
5564, 4149.0, 28638.0, 6620.0, 683.0, 52.0
5565, 4154.0, 20728.0, 6526.0, 618.0, 39.0
5566, 4164.0, 19917.0, 6525.0, 594.0, 38.0
5567, 4173.0, 19881.0, 6553.0, 638.0, 37.0
5568, 4180.0, 19791.0, 6626.0, 630.0, 37.0
5569, 4188.0, 19216.0, 6433.0, 601.0, 37.0
5570, 4197.0, 19022.0, 6379.0, 594.0, 37.0
5571, 4206.0, 20360.0, 6646.0, 624.0, 38.0
5572, 4213.0, 20528.0, 6611.0, 640.0, 38.0
5573, 4219.0, 20118.0, 6505.0, 617.0, 38.0
5574, 4230.0, 18088.0, 6516.0, 591.0, 35.0
5575, 4238.0, 19475.0, 6586.0, 601.0, 37.0
5576, 4246.0, 18470.0, 6580.0, 614.0, 35.0
5577, 4253.0, 19739.0, 6590.0, 628.0, 37.0
5578, 4260.0, 20114.0, 6576.0, 603.0, 38.0
5579, 4270.0, 19012.0, 6557.0, 609.0, 36.0
5580, 4278.0, 20682.0, 6712.0, 644.0, 38.0
5581, 4285.0, 22117.0, 6588.0, 690.0, 40.0
5582, 4293.0, 20831.0, 6711.0, 672.0, 38.0
5583, 4297.0, 21792.0, 6541.0, 611.0, 41.0
5584, 4310.0, 19809.0, 6544.0, 636.0, 37.0
5585, 4314.0, 22330.0, 6640.0, 627.0, 41.0
5586, 4327.0, 19074.0, 6664.0, 606.0, 36.0
5587, 4335.0, 18353.0, 6620.0, 598.0, 35.0
5588, 4343.0, 18259.0, 6610.0, 596.0, 35.0
5589, 4350.0, 19198.0, 6705.0, 603.0, 36.0
5590, 4358.0, 19065.0, 6640.0, 601.0, 36.0
5591, 4367.0, 18007.0, 6714.0, 595.0, 34.0
5592, 4374.0, 18051.0, 6481.0, 588.0, 35.0
5593, 4382.0, 18700.0, 6514.0, 595.0, 36.0
5594, 4390.0, 17719.0, 6539.0, 614.0, 34.0
5595, 4396.0, 18741.0, 6520.0, 592.0, 36.0
5596, 4405.0, 18327.0, 6548.0, 607.0, 35.0
5597, 4412.0, 18520.0, 6450.0, 589.0, 36.0
5598, 4420.0, 18457.0, 6409.0, 588.0, 36.0
5599, 4427.0, 19052.0, 6592.0, 614.0, 36.0
5600, 4435.0, 19163.0, 6720.0, 607.0, 36.0
5601, 4442.0, 19583.0, 6625.0, 604.0, 37.0
5602, 4450.0, 20004.0, 6751.0, 679.0, 36.0
5603, 4455.0, 20978.0, 6673.0, 689.0, 38.0
5604, 4461.0, 21184.0, 6702.0, 624.0, 39.0
5605, 4472.0, 19426.0, 6719.0, 630.0, 36.0
5606, 4478.0, 19720.0, 6621.0, 611.0, 37.0
5607, 4487.0, 18648.0, 6677.0, 610.0, 35.0
5608, 4494.0, 19779.0, 6641.0, 636.0, 37.0
5609, 4500.0, 20924.0, 6583.0, 631.0, 39.0
5610, 4507.0, 22022.0, 6623.0, 738.0, 39.0
5611, 4511.0, 22940.0, 6625.0, 689.0, 41.0
5612, 4515.0, 23258.0, 6552.0, 600.0, 44.0
5613, 4532.0, 19693.0, 6447.0, 587.0, 38.0
5614, 4541.0, 18620.0, 6663.0, 620.0, 35.0
5615, 4548.0, 19935.0, 6662.0, 626.0, 37.0
6127, 6021.0, 9121.0, 6291.0, 501.0, 19.0
6192, 7690.0, 14239.0, 6364.0, 526.0, 29.0
6193, 7684.0, 13650.0, 6328.0, 522.0, 28.0
6194, 7677.0, 13406.0, 6217.0, 510.0, 28.0
6195, 7671.0, 13873.0, 6471.0, 531.0, 28.0
6196, 7663.0, 14307.0, 6386.0, 530.0, 29.0
6197, 7656.0, 15812.0, 6322.0, 547.0, 32.0
6198, 7650.0, 15204.0, 6345.0, 528.0, 31.0
6199, 7644.0, 14897.0, 6421.0, 541.0, 30.0
6200, 7638.0, 14522.0, 6503.0, 533.0, 29.0
6201, 7632.0, 14497.0, 6506.0, 532.0, 29.0
6202, 7626.0, 13961.0, 6484.0, 532.0, 28.0
6203, 7618.0, 14896.0, 6430.0, 529.0, 30.0
6204, 7613.0, 14642.0, 6576.0, 543.0, 29.0
6205, 7606.0, 14341.0, 6403.0, 528.0, 29.0
6206, 7597.0, 15932.0, 6407.0, 532.0, 32.0
6207, 7592.0, 15181.0, 6530.0, 560.0, 30.0
6208, 7588.0, 14584.0, 6537.0, 543.0, 29.0
6209, 7582.0, 13596.0, 6567.0, 537.0, 27.0
6210, 7575.0, 13945.0, 6480.0, 534.0, 28.0
6211, 7569.0, 14283.0, 6648.0, 542.0, 28.0
6212, 7560.0, 15629.0, 6518.0, 539.0, 31.0
6213, 7555.0, 14779.0, 6580.0, 554.0, 29.0
6214, 7550.0, 14793.0, 6640.0, 545.0, 29.0
6215, 7543.0, 15069.0, 6507.0, 536.0, 30.0
6216, 7537.0, 14176.0, 6577.0, 537.0, 28.0
6217, 7531.0, 14166.0, 6556.0, 542.0, 28.0
6218, 7523.0, 15199.0, 6543.0, 542.0, 30.0
6219, 7517.0, 15549.0, 6668.0, 565.0, 30.0
6220, 7512.0, 15230.0, 6574.0, 545.0, 30.0
6221, 7506.0, 13932.0, 6490.0, 532.0, 28.0
6222, 7499.0, 14554.0, 6512.0, 533.0, 29.0
6223, 7492.0, 13935.0, 6487.0, 529.0, 28.0
6224, 7485.0, 15150.0, 6538.0, 558.0, 30.0
6225, 7481.0, 14853.0, 6628.0, 559.0, 29.0
6226, 7475.0, 14036.0, 6513.0, 535.0, 28.0
6227, 7465.0, 15630.0, 6527.0, 532.0, 31.0
6228, 7459.0, 15689.0, 6522.0, 563.0, 31.0
6229, 7456.0, 14609.0, 6519.0, 563.0, 29.0
6230, 7450.0, 15139.0, 6561.0, 537.0, 30.0
6231, 7442.0, 14862.0, 6404.0, 530.0, 30.0
6232, 7437.0, 14828.0, 6629.0, 561.0, 29.0
6233, 7431.0, 14779.0, 6606.0, 549.0, 29.0
6234, 7425.0, 14105.0, 6558.0, 536.0, 28.0
6235, 7419.0, 14275.0, 6641.0, 545.0, 28.0
6236, 7411.0, 15388.0, 6659.0, 550.0, 30.0
6237, 7406.0, 14909.0, 6688.0, 557.0, 29.0
6238, 7399.0, 15390.0, 6655.0, 552.0, 30.0
6239, 7393.0, 14923.0, 6679.0, 557.0, 29.0
6240, 7385.0, 15124.0, 6517.0, 540.0, 30.0
6241, 7380.0, 15368.0, 6598.0, 571.0, 30.0
6242, 7374.0, 14765.0, 6372.0, 529.0, 30.0
6243, 7368.0, 14015.0, 6486.0, 533.0, 28.0
6244, 7362.0, 13551.0, 6538.0, 533.0, 27.0
6245, 7355.0, 13831.0, 6396.0, 528.0, 28.0
6246, 7349.0, 14063.0, 6502.0, 538.0, 28.0
6247, 7341.0, 15717.0, 6528.0, 549.0, 31.0
6248, 7334.0, 16459.0, 6549.0, 575.0, 32.0
6249, 7330.0, 15656.0, 6458.0, 568.0, 31.0
6250, 7324.0, 14733.0, 6598.0, 545.0, 29.0
6251, 7317.0, 14691.0, 6585.0, 542.0, 29.0
6252, 7307.0, 16413.0, 6557.0, 567.0, 32.0
6253, 7303.0, 15980.0, 6593.0, 574.0, 31.0
6254, 7298.0, 15117.0, 6525.0, 549.0, 30.0
6255, 7292.0, 14697.0, 6549.0, 555.0, 29.0
6256, 7286.0, 14520.0, 6503.0, 538.0, 29.0
6257, 7279.0, 14074.0, 6535.0, 543.0, 28.0
6258, 7273.0, 14323.0, 6406.0, 530.0, 29.0
6259, 7266.0, 14373.0, 6405.0, 536.0, 29.0
6260, 7260.0, 14583.0, 6513.0, 541.0, 29.0
6261, 7254.0, 14040.0, 6529.0, 534.0, 28.0
6262, 7247.0, 14438.0, 6473.0, 532.0, 29.0
6263, 7241.0, 14708.0, 6597.0, 551.0, 29.0
6264, 7234.0, 14299.0, 6412.0, 530.0, 29.0
6265, 7228.0, 13839.0, 6419.0, 529.0, 28.0
6266, 7220.0, 15220.0, 6563.0, 543.0, 30.0
6267, 7211.0, 17380.0, 6621.0, 614.0, 33.0
6268, 7208.0, 17201.0, 6589.0, 612.0, 33.0
6269, 7200.0, 21288.0, 6627.0, 563.0, 41.0
6270, 7195.0, 21436.0, 6414.0, 568.0, 43.0
6271, 7190.0, 22414.0, 6581.0, 560.0, 43.0
6272, 7183.0, 15109.0, 6490.0, 533.0, 30.0
6273, 7176.0, 14818.0, 6622.0, 547.0, 29.0
6274, 7169.0, 16335.0, 6743.0, 600.0, 31.0
6275, 7164.0, 16429.0, 6743.0, 609.0, 31.0
6276, 7157.0, 18658.0, 6699.0, 596.0, 35.0
6277, 7151.0, 18304.0, 6594.0, 584.0, 35.0
6278, 7144.0, 19701.0, 6527.0, 570.0, 38.0
6279, 7139.0, 25105.0, 6664.0, 630.0, 47.0
6280, 7121.0, 37870.0, 6457.0, 677.0, 72.0
6281, 7119.0, 17987.0, 6515.0, 563.0, 35.0
6281, 7159.0, 12840.0, 6427.0, 533.0, 26.0
6282, 7118.0, 15977.0, 6606.0, 578.0, 31.0
6283, 7112.0, 15870.0, 6579.0, 552.0, 31.0
6284, 7103.0, 16566.0, 6616.0, 573.0, 32.0
6285, 7097.0, 18239.0, 6735.0, 621.0, 34.0
6286, 7089.0, 19537.0, 6556.0, 603.0, 37.0
6287, 7084.0, 19227.0, 6636.0, 640.0, 36.0
6288, 7076.0, 20435.0, 6615.0, 620.0, 38.0
6289, 7070.0, 20281.0, 6600.0, 612.0, 38.0
6290, 7064.0, 20716.0, 6635.0, 641.0, 38.0
6291, 7058.0, 19928.0, 6521.0, 590.0, 38.0
6292, 7051.0, 20033.0, 6685.0, 565.0, 38.0
6293, 7046.0, 20940.0, 6667.0, 565.0, 40.0
6294, 7038.0, 23338.0, 6859.0, 574.0, 44.0
6295, 7031.0, 24301.0, 6691.0, 573.0, 47.0
6296, 7023.0, 28350.0, 6835.0, 610.0, 53.0
6297, 7018.0, 28400.0, 6727.0, 603.0, 55.0
6298, 4770.0, 8995.0, 6541.0, 519.0, 18.0
6298, 7011.0, 18043.0, 6756.0, 579.0, 34.0
6298, 7048.0, 11712.0, 6674.0, 541.0, 23.0
6299, 7003.0, 17349.0, 6708.0, 594.0, 33.0
6299, 7048.0, 11509.0, 6578.0, 532.0, 23.0
6300, 6999.0, 16082.0, 6685.0, 566.0, 31.0
6300, 7049.0, 12058.0, 6608.0, 535.0, 24.0
6301, 6991.0, 15023.0, 6699.0, 552.0, 29.0
6302, 6985.0, 15496.0, 6665.0, 568.0, 30.0
6303, 6978.0, 15279.0, 6602.0, 547.0, 30.0
6304, 6972.0, 14296.0, 6641.0, 558.0, 28.0
6305, 6960.0, 18014.0, 6574.0, 555.0, 35.0
6306, 6956.0, 16667.0, 6602.0, 607.0, 32.0
6307, 6950.0, 15715.0, 6490.0, 553.0, 31.0
6308, 6943.0, 15269.0, 6571.0, 548.0, 30.0
6309, 6937.0, 21864.0, 9468.0, 765.0, 30.0
6310, 6929.0, 15175.0, 6527.0, 547.0, 30.0
6311, 6921.0, 16374.0, 6542.0, 558.0, 32.0
6312, 6915.0, 16240.0, 6683.0, 593.0, 31.0
6313, 6909.0, 16530.0, 6664.0, 553.0, 32.0
6314, 6902.0, 14954.0, 6670.0, 556.0, 29.0
6315, 6895.0, 15168.0, 6777.0, 559.0, 29.0
6316, 6888.0, 23028.0, 6655.0, 550.0, 45.0
6317, 6880.0, 27761.0, 6774.0, 566.0, 53.0
6318, 6873.0, 15579.0, 6718.0, 567.0, 30.0
6319, 6866.0, 15586.0, 6690.0, 563.0, 30.0
6320, 6859.0, 15209.0, 6538.0, 549.0, 30.0
6321, 6853.0, 14951.0, 6699.0, 559.0, 29.0
6322, 6845.0, 15366.0, 6643.0, 554.0, 30.0
6323, 6838.0, 14965.0, 6657.0, 556.0, 29.0
6323, 7004.0, 9472.0, 6542.0, 518.0, 19.0
6324, 6832.0, 14072.0, 6542.0, 547.0, 28.0
6324, 7000.0, 13971.0, 6488.0, 551.0, 28.0
6325, 6816.0, 19768.0, 6620.0, 560.0, 38.0
6325, 6999.0, 14181.0, 6597.0, 546.0, 28.0
6326, 6814.0, 18224.0, 6769.0, 611.0, 34.0
6326, 6998.0, 11583.0, 6627.0, 534.0, 23.0
6327, 6810.0, 18813.0, 6664.0, 564.0, 36.0
6327, 6995.0, 11580.0, 6608.0, 533.0, 23.0
6328, 6803.0, 15265.0, 6568.0, 550.0, 30.0
6328, 6993.0, 11375.0, 6506.0, 523.0, 23.0
6329, 6795.0, 15364.0, 6587.0, 553.0, 30.0
6329, 6990.0, 11465.0, 6535.0, 528.0, 23.0
6330, 6788.0, 15815.0, 6518.0, 565.0, 31.0
6330, 6988.0, 11834.0, 6492.0, 529.0, 24.0
6331, 6782.0, 16039.0, 6653.0, 565.0, 31.0
6331, 6987.0, 11638.0, 6658.0, 539.0, 23.0
6332, 6775.0, 15217.0, 6566.0, 548.0, 30.0
6332, 6982.0, 12389.0, 6490.0, 525.0, 25.0
6333, 6768.0, 15214.0, 6574.0, 555.0, 30.0
6333, 6976.0, 12898.0, 6468.0, 522.0, 26.0
6334, 6761.0, 14650.0, 6533.0, 543.0, 29.0
6334, 6974.0, 12425.0, 6496.0, 533.0, 25.0
6335, 6754.0, 14872.0, 6626.0, 552.0, 29.0
6335, 6978.0, 21077.0, 6550.0, 544.0, 41.0
6470, 5786.0, 8809.0, 6415.0, 506.0, 18.0
6495, 5591.0, 8873.0, 6432.0, 502.0, 18.0
6529, 4405.0, 16593.0, 6749.0, 768.0, 30.0
6530, 4404.0, 20467.0, 7224.0, 1147.0, 32.0
6531, 4403.0, 18659.0, 7010.0, 1010.0, 31.0
6532, 4403.0, 18158.0, 7267.0, 966.0, 30.0
6533, 4403.0, 18401.0, 7458.0, 1018.0, 30.0
6534, 4403.0, 16756.0, 7357.0, 912.0, 29.0
6535, 4402.0, 17349.0, 7437.0, 949.0, 29.0
6536, 4398.0, 19697.0, 6688.0, 973.0, 33.0
6537, 4401.0, 17710.0, 7298.0, 913.0, 30.0
6538, 4401.0, 16737.0, 7381.0, 862.0, 29.0
6539, 4401.0, 17123.0, 7666.0, 918.0, 29.0
6540, 4400.0, 18469.0, 7673.0, 1019.0, 30.0
6541, 4400.0, 17394.0, 7750.0, 961.0, 29.0
6542, 4400.0, 16857.0, 7518.0, 878.0, 29.0
6543, 4400.0, 15773.0, 7355.0, 827.0, 28.0
6544, 4399.0, 16922.0, 7378.0, 902.0, 29.0
6545, 4399.0, 16011.0, 7327.0, 837.0, 28.0
6546, 4398.0, 16827.0, 7193.0, 885.0, 29.0
6547, 4397.0, 18093.0, 7129.0, 894.0, 31.0
6548, 4398.0, 16339.0, 7503.0, 870.0, 28.0
6549, 4397.0, 17346.0, 7205.0, 901.0, 30.0
6550, 4397.0, 15651.0, 7245.0, 838.0, 28.0
6551, 4396.0, 16569.0, 7229.0, 857.0, 29.0
6552, 4395.0, 16838.0, 7272.0, 864.0, 29.0
6553, 4394.0, 16151.0, 7008.0, 801.0, 29.0
6554, 4394.0, 15701.0, 7291.0, 782.0, 28.0
6555, 4393.0, 15820.0, 7288.0, 813.0, 28.0
6556, 4392.0, 16133.0, 7133.0, 795.0, 29.0
6557, 4391.0, 16911.0, 7153.0, 939.0, 29.0
6558, 4391.0, 16237.0, 7079.0, 812.0, 29.0
6559, 4391.0, 15859.0, 7237.0, 836.0, 28.0
6560, 4391.0, 16218.0, 7255.0, 806.0, 29.0
6561, 4390.0, 15915.0, 6997.0, 794.0, 29.0
6562, 4390.0, 16428.0, 7240.0, 851.0, 29.0
6563, 4390.0, 15393.0, 7050.0, 787.0, 28.0
6564, 4390.0, 16112.0, 7137.0, 800.0, 29.0
6565, 4389.0, 16741.0, 6820.0, 814.0, 30.0
6566, 4389.0, 17063.0, 6908.0, 838.0, 30.0
6567, 4389.0, 17364.0, 7019.0, 895.0, 30.0
6568, 4389.0, 17111.0, 7036.0, 849.0, 30.0
6569, 4389.0, 16899.0, 6999.0, 839.0, 30.0
6570, 4389.0, 16249.0, 7079.0, 815.0, 29.0
6571, 4388.0, 16042.0, 6873.0, 793.0, 29.0
6572, 3278.0, 10309.0, 6507.0, 543.0, 21.0
6572, 4388.0, 17319.0, 7058.0, 869.0, 30.0
6573, 4387.0, 19579.0, 6784.0, 868.0, 34.0
6573, 5114.0, 12211.0, 6423.0, 533.0, 25.0
6574, 4387.0, 16870.0, 6789.0, 840.0, 30.0
6574, 5115.0, 10215.0, 6415.0, 515.0, 21.0
6575, 4387.0, 16939.0, 6782.0, 844.0, 30.0
6576, 4387.0, 16976.0, 6902.0, 822.0, 30.0
6577, 4387.0, 17876.0, 7096.0, 947.0, 30.0
6578, 4387.0, 18459.0, 7158.0, 924.0, 31.0
6579, 4387.0, 18153.0, 7080.0, 883.0, 31.0
6580, 4387.0, 18910.0, 7141.0, 984.0, 31.0
6581, 4387.0, 17904.0, 6860.0, 867.0, 31.0
6582, 4387.0, 18039.0, 6829.0, 899.0, 31.0
6583, 4387.0, 17067.0, 6862.0, 820.0, 30.0
6584, 4387.0, 17719.0, 6819.0, 870.0, 31.0
6585, 4387.0, 17681.0, 6819.0, 836.0, 31.0
6586, 4386.0, 17805.0, 6834.0, 878.0, 31.0
6587, 4386.0, 18063.0, 7198.0, 962.0, 30.0
6588, 4385.0, 17923.0, 6835.0, 892.0, 31.0
6589, 4385.0, 17053.0, 6889.0, 865.0, 30.0
6590, 4385.0, 16571.0, 7094.0, 889.0, 29.0
6591, 4384.0, 16503.0, 7134.0, 842.0, 29.0
6592, 4383.0, 16263.0, 7015.0, 823.0, 29.0
6593, 4382.0, 17209.0, 7008.0, 883.0, 30.0
6594, 4381.0, 18476.0, 6959.0, 910.0, 32.0
6595, 4379.0, 28120.0, 6914.0, 940.0, 49.0
6596, 4379.0, 17335.0, 6776.0, 828.0, 31.0
6597, 4379.0, 16182.0, 6834.0, 824.0, 29.0
6598, 4379.0, 16272.0, 6984.0, 861.0, 29.0
6599, 4378.0, 16414.0, 6954.0, 840.0, 29.0
6600, 4377.0, 17318.0, 6855.0, 939.0, 30.0
6601, 4377.0, 16137.0, 6834.0, 812.0, 29.0
6602, 4378.0, 16144.0, 7107.0, 820.0, 29.0
6603, 4377.0, 15998.0, 6846.0, 793.0, 29.0
6604, 4366.0, 21836.0, 6662.0, 779.0, 40.0
6605, 4373.0, 19044.0, 6662.0, 903.0, 33.0
6606, 4375.0, 18135.0, 6901.0, 943.0, 31.0
6607, 4374.0, 17641.0, 6652.0, 922.0, 31.0
6608, 4373.0, 17186.0, 6878.0, 878.0, 30.0
6609, 4364.0, 22161.0, 6853.0, 832.0, 38.0
6610, 4364.0, 24335.0, 6742.0, 937.0, 40.0
6610, 6157.0, 14306.0, 6378.0, 536.0, 29.0
6611, 4359.0, 26442.0, 6604.0, 806.0, 48.0
6612, 4371.0, 17022.0, 6916.0, 825.0, 30.0
6613, 4370.0, 17597.0, 7091.0, 907.0, 30.0
6614, 4369.0, 18132.0, 6930.0, 932.0, 31.0
6615, 4368.0, 17412.0, 7030.0, 886.0, 30.0
6616, 4367.0, 17762.0, 7056.0, 969.0, 30.0
6616, 5682.0, 9494.0, 6241.0, 505.0, 20.0
6617, 4366.0, 17742.0, 6864.0, 882.0, 31.0
6618, 4365.0, 16956.0, 6829.0, 880.0, 30.0
6619, 4364.0, 16030.0, 6865.0, 819.0, 29.0
6620, 4363.0, 16180.0, 6959.0, 843.0, 29.0
6621, 4361.0, 16813.0, 6757.0, 835.0, 30.0
6622, 4359.0, 19265.0, 6791.0, 1028.0, 32.0
6623, 4356.0, 21226.0, 6703.0, 1126.0, 34.0
6624, 4355.0, 22024.0, 6995.0, 1128.0, 34.0
6625, 4355.0, 21876.0, 6785.0, 1106.0, 35.0
6626, 4359.0, 19121.0, 7106.0, 1028.0, 31.0
6627, 4360.0, 17964.0, 7253.0, 959.0, 30.0
6628, 4360.0, 17604.0, 7134.0, 969.0, 30.0
6629, 4359.0, 20350.0, 6974.0, 1166.0, 32.0
6630, 4359.0, 20134.0, 6982.0, 1116.0, 32.0
6631, 4359.0, 20342.0, 7001.0, 1008.0, 33.0
6632, 4359.0, 24765.0, 7139.0, 1147.0, 38.0
6633, 4359.0, 23245.0, 6914.0, 1140.0, 38.0
6634, 4362.0, 21097.0, 6771.0, 797.0, 38.0
6635, 4380.0, 11099.0, 6342.0, 533.0, 23.0
6636, 4384.0, 11791.0, 6493.0, 537.0, 24.0
6637, 4390.0, 18397.0, 6318.0, 524.0, 38.0
6638, 4399.0, 16221.0, 6666.0, 602.0, 31.0
6644, 3686.0, 8836.0, 6427.0, 507.0, 18.0
6645, 3683.0, 10223.0, 6368.0, 511.0, 21.0
6675, 3807.0, 8746.0, 6363.0, 502.0, 18.0
6753, 3783.0, 13317.0, 6683.0, 587.0, 26.0
6754, 3781.0, 13457.0, 6797.0, 609.0, 26.0
6755, 3780.0, 15442.0, 7062.0, 742.0, 28.0
6756, 3779.0, 16976.0, 6907.0, 690.0, 31.0
6757, 3778.0, 18015.0, 6875.0, 682.0, 33.0
6758, 3778.0, 20037.0, 6754.0, 639.0, 37.0
6759, 3778.0, 20872.0, 6858.0, 751.0, 37.0
6760, 3778.0, 19260.0, 6681.0, 651.0, 36.0
6761, 3777.0, 17932.0, 6586.0, 590.0, 35.0
6762, 3776.0, 19042.0, 6575.0, 633.0, 36.0
6763, 3775.0, 19061.0, 6667.0, 609.0, 36.0
6764, 3774.0, 18767.0, 6668.0, 622.0, 35.0
6765, 3772.0, 18406.0, 6712.0, 739.0, 33.0
6766, 3771.0, 16439.0, 6810.0, 736.0, 30.0
6767, 3768.0, 18104.0, 6831.0, 773.0, 32.0
6768, 3764.0, 18015.0, 6749.0, 679.0, 33.0
6769, 3743.0, 28143.0, 6649.0, 637.0, 53.0
6770, 3743.0, 26809.0, 6524.0, 609.0, 52.0
6771, 3740.0, 28467.0, 6663.0, 687.0, 55.0
6772, 3740.0, 13385.0, 6795.0, 606.0, 26.0
6772, 3769.0, 12706.0, 6666.0, 588.0, 25.0
6773, 3768.0, 13252.0, 6663.0, 597.0, 26.0
6774, 3767.0, 14830.0, 6834.0, 682.0, 28.0
6775, 3767.0, 14024.0, 6803.0, 637.0, 27.0
6776, 3767.0, 13669.0, 6936.0, 638.0, 26.0
6777, 3766.0, 13622.0, 6866.0, 636.0, 26.0
6778, 3765.0, 13683.0, 6854.0, 611.0, 26.0
6779, 3765.0, 13516.0, 6830.0, 598.0, 26.0
6780, 3764.0, 14088.0, 6802.0, 614.0, 27.0
6781, 3764.0, 13607.0, 6869.0, 616.0, 26.0
6782, 3763.0, 13564.0, 6812.0, 602.0, 26.0
6783, 3763.0, 13238.0, 6989.0, 606.0, 25.0
6784, 3763.0, 12451.0, 6585.0, 569.0, 25.0
6785, 3762.0, 12565.0, 6613.0, 577.0, 25.0
6786, 3761.0, 12890.0, 6505.0, 575.0, 26.0
6787, 3761.0, 12851.0, 6796.0, 594.0, 25.0
6788, 3760.0, 12771.0, 6723.0, 589.0, 25.0
6789, 3759.0, 13039.0, 6576.0, 576.0, 26.0
6790, 3758.0, 13917.0, 6719.0, 621.0, 27.0
6791, 3758.0, 12726.0, 6717.0, 589.0, 25.0
6792, 3757.0, 13174.0, 6657.0, 592.0, 26.0
6793, 3756.0, 13200.0, 6586.0, 590.0, 26.0
6794, 3756.0, 12581.0, 6609.0, 574.0, 25.0
6795, 3755.0, 13179.0, 6615.0, 584.0, 26.0
6796, 3754.0, 13523.0, 6758.0, 596.0, 26.0
6797, 3754.0, 12478.0, 6560.0, 573.0, 25.0
6798, 3753.0, 13096.0, 6572.0, 583.0, 26.0
6799, 3753.0, 12716.0, 6700.0, 580.0, 25.0
6800, 3752.0, 13424.0, 6792.0, 594.0, 26.0
6801, 3751.0, 13072.0, 6578.0, 575.0, 26.0
6802, 3751.0, 12926.0, 6812.0, 596.0, 25.0
6803, 3750.0, 13352.0, 6739.0, 588.0, 26.0
6804, 3749.0, 13313.0, 6663.0, 583.0, 26.0
6805, 3748.0, 13368.0, 6681.0, 587.0, 26.0
6806, 3748.0, 12543.0, 6612.0, 575.0, 25.0
6807, 3746.0, 14529.0, 6584.0, 664.0, 28.0
6808, 3746.0, 14080.0, 6769.0, 605.0, 27.0
6809, 3746.0, 13086.0, 6628.0, 581.0, 26.0
6810, 3745.0, 13214.0, 6622.0, 594.0, 26.0
6811, 3745.0, 13541.0, 6861.0, 608.0, 26.0
6812, 3744.0, 13108.0, 6631.0, 579.0, 26.0
6813, 3743.0, 13303.0, 6673.0, 602.0, 26.0
6814, 3742.0, 13429.0, 6447.0, 574.0, 27.0
6815, 3742.0, 12856.0, 6499.0, 565.0, 26.0
6816, 3741.0, 13788.0, 6638.0, 585.0, 27.0
6817, 3741.0, 13810.0, 6699.0, 596.0, 27.0
6818, 3740.0, 13440.0, 6493.0, 573.0, 27.0
6819, 3740.0, 13352.0, 6765.0, 584.0, 26.0
6820, 3738.0, 13898.0, 6716.0, 583.0, 27.0
6821, 3737.0, 15160.0, 6667.0, 653.0, 29.0
6822, 3736.0, 22548.0, 6613.0, 772.0, 39.0
6823, 3735.0, 31344.0, 6666.0, 655.0, 57.0
6824, 3731.0, 16960.0, 6581.0, 638.0, 32.0
6825, 3730.0, 16927.0, 6514.0, 584.0, 33.0
6826, 3729.0, 16437.0, 6534.0, 581.0, 32.0
6827, 3729.0, 16305.0, 6518.0, 573.0, 32.0
6828, 3733.0, 13805.0, 6656.0, 578.0, 27.0
6829, 3731.0, 15841.0, 6672.0, 647.0, 30.0
6830, 3730.0, 16060.0, 6684.0, 679.0, 30.0
6831, 3730.0, 14875.0, 6515.0, 628.0, 29.0
6832, 3730.0, 15776.0, 6655.0, 627.0, 30.0
6833, 3730.0, 14137.0, 6796.0, 636.0, 27.0
6834, 3729.0, 13597.0, 6547.0, 580.0, 27.0
6835, 3729.0, 13178.0, 6639.0, 577.0, 26.0
6836, 3728.0, 13813.0, 6660.0, 584.0, 27.0
6837, 3727.0, 13623.0, 6560.0, 576.0, 27.0
6838, 3726.0, 15302.0, 6748.0, 652.0, 29.0
6839, 3726.0, 13820.0, 6691.0, 605.0, 27.0
6840, 3726.0, 13605.0, 6868.0, 600.0, 26.0
6841, 3725.0, 13468.0, 6753.0, 597.0, 26.0
6842, 3724.0, 13634.0, 6562.0, 579.0, 27.0
6843, 3724.0, 13356.0, 6768.0, 595.0, 26.0
6844, 3723.0, 16459.0, 6683.0, 658.0, 31.0
6845, 3722.0, 14024.0, 6756.0, 604.0, 27.0
6846, 3722.0, 13330.0, 6727.0, 587.0, 26.0
6847, 3721.0, 13191.0, 6631.0, 580.0, 26.0
6848, 3721.0, 13568.0, 6848.0, 590.0, 26.0
6849, 3720.0, 14002.0, 6761.0, 598.0, 27.0
6850, 3718.0, 15360.0, 6731.0, 644.0, 29.0
6851, 3718.0, 15099.0, 6987.0, 662.0, 28.0
6852, 3717.0, 15632.0, 6823.0, 689.0, 29.0
6853, 3717.0, 14099.0, 6818.0, 602.0, 27.0
6854, 3717.0, 13565.0, 6839.0, 597.0, 26.0
6855, 3716.0, 15303.0, 6752.0, 631.0, 29.0
6856, 3715.0, 13920.0, 6692.0, 594.0, 27.0
6857, 3715.0, 14012.0, 6777.0, 595.0, 27.0
6858, 3714.0, 14025.0, 6741.0, 604.0, 27.0
6859, 3713.0, 14812.0, 6807.0, 631.0, 28.0
6860, 3713.0, 14139.0, 6821.0, 605.0, 27.0
6861, 3712.0, 13299.0, 6646.0, 583.0, 26.0
6862, 3712.0, 13563.0, 6812.0, 594.0, 26.0
6863, 3711.0, 13902.0, 6715.0, 583.0, 27.0
6864, 3711.0, 13500.0, 6785.0, 583.0, 26.0
6865, 3710.0, 13210.0, 6663.0, 579.0, 26.0
6866, 3709.0, 13263.0, 6649.0, 581.0, 26.0
6867, 3708.0, 14085.0, 6781.0, 604.0, 27.0
6868, 3707.0, 15706.0, 6877.0, 684.0, 29.0
6869, 3707.0, 14261.0, 6922.0, 625.0, 27.0
6870, 3706.0, 13485.0, 6750.0, 593.0, 26.0
6871, 3706.0, 13581.0, 6845.0, 599.0, 26.0
6872, 3705.0, 13349.0, 6693.0, 585.0, 26.0
6873, 3705.0, 13561.0, 6850.0, 596.0, 26.0
6874, 3704.0, 13889.0, 6716.0, 593.0, 27.0
6875, 3704.0, 12871.0, 6777.0, 584.0, 25.0
6876, 3703.0, 13346.0, 6754.0, 583.0, 26.0
6877, 3702.0, 13548.0, 6795.0, 602.0, 26.0
6878, 3702.0, 12831.0, 6744.0, 581.0, 25.0
6879, 3701.0, 13353.0, 6721.0, 585.0, 26.0
6880, 3700.0, 13531.0, 6817.0, 591.0, 26.0
6881, 3699.0, 13291.0, 6670.0, 583.0, 26.0
6882, 3699.0, 13988.0, 6774.0, 598.0, 27.0
6883, 3698.0, 15833.0, 6797.0, 635.0, 30.0
6884, 3697.0, 13815.0, 6683.0, 599.0, 27.0
6885, 3697.0, 12827.0, 6763.0, 585.0, 25.0
6886, 3695.0, 14300.0, 6598.0, 609.0, 28.0
6887, 3695.0, 14633.0, 6711.0, 645.0, 28.0
6888, 3695.0, 13040.0, 6874.0, 599.0, 25.0
6889, 3694.0, 13512.0, 6798.0, 599.0, 26.0
6890, 3693.0, 13805.0, 6653.0, 593.0, 27.0
6891, 3692.0, 14616.0, 6670.0, 640.0, 28.0
6892, 3692.0, 13321.0, 6697.0, 590.0, 26.0
6893, 3692.0, 12739.0, 6722.0, 578.0, 25.0
6894, 3691.0, 13236.0, 6669.0, 577.0, 26.0
6895, 3691.0, 12675.0, 6694.0, 575.0, 25.0
6896, 3689.0, 13327.0, 6674.0, 581.0, 26.0
6897, 3688.0, 13787.0, 6628.0, 586.0, 27.0
6898, 3688.0, 13640.0, 6862.0, 603.0, 26.0
6899, 3687.0, 13512.0, 6788.0, 593.0, 26.0
6900, 3687.0, 13064.0, 6855.0, 593.0, 25.0
6901, 3686.0, 13413.0, 6748.0, 583.0, 26.0
6902, 3685.0, 13295.0, 6641.0, 587.0, 26.0
6903, 3685.0, 13519.0, 6821.0, 592.0, 26.0
6904, 3684.0, 13327.0, 6697.0, 581.0, 26.0
6905, 3683.0, 13229.0, 6616.0, 585.0, 26.0
6906, 3683.0, 13704.0, 6909.0, 610.0, 26.0
6907, 3682.0, 13818.0, 6649.0, 592.0, 27.0
6908, 3681.0, 13197.0, 6603.0, 574.0, 26.0
6909, 3681.0, 13374.0, 6760.0, 585.0, 26.0
6910, 3680.0, 14168.0, 6850.0, 608.0, 27.0
6911, 3679.0, 13422.0, 6714.0, 585.0, 26.0
6912, 3679.0, 13100.0, 6614.0, 571.0, 26.0
6913, 3678.0, 13275.0, 6639.0, 578.0, 26.0
6914, 3678.0, 12730.0, 6711.0, 581.0, 25.0
6915, 3677.0, 13157.0, 6620.0, 573.0, 26.0
6916, 3676.0, 13239.0, 6671.0, 575.0, 26.0
6917, 3675.0, 13852.0, 6690.0, 604.0, 27.0
6918, 3673.0, 14453.0, 6675.0, 596.0, 28.0
6919, 3671.0, 16448.0, 6857.0, 686.0, 30.0
6920, 3671.0, 16018.0, 6996.0, 685.0, 29.0
6921, 3671.0, 14356.0, 6861.0, 613.0, 27.0
6922, 3671.0, 14174.0, 6834.0, 607.0, 27.0
6923, 3671.0, 13568.0, 6840.0, 590.0, 26.0
6924, 3670.0, 13523.0, 6771.0, 594.0, 26.0
6925, 3669.0, 13897.0, 6679.0, 592.0, 27.0
6926, 3669.0, 13502.0, 6811.0, 601.0, 26.0
6927, 3668.0, 13357.0, 6688.0, 586.0, 26.0
6928, 3667.0, 13339.0, 6687.0, 589.0, 26.0
6929, 3667.0, 13380.0, 6777.0, 586.0, 26.0
6930, 3643.0, 7844.0, 6404.0, 507.0, 16.0
6930, 3666.0, 12799.0, 6726.0, 589.0, 25.0
6931, 3665.0, 12959.0, 6536.0, 575.0, 26.0
6932, 3664.0, 13250.0, 6662.0, 590.0, 26.0
6933, 3664.0, 12654.0, 6684.0, 577.0, 25.0
6934, 3652.0, 18924.0, 6471.0, 585.0, 37.0
6935, 3652.0, 19465.0, 6896.0, 656.0, 36.0
6936, 3640.0, 28308.0, 6933.0, 727.0, 48.0
6937, 3642.0, 37868.0, 6645.0, 1020.0, 63.0
6938, 3512.0, 10985.0, 6577.0, 539.0, 22.0
6938, 3645.0, 24324.0, 6669.0, 728.0, 42.0
6939, 3658.0, 14493.0, 6657.0, 612.0, 28.0
6940, 3658.0, 16370.0, 6714.0, 626.0, 31.0
6941, 3657.0, 16525.0, 6649.0, 610.0, 32.0
6942, 3657.0, 13308.0, 6771.0, 594.0, 26.0
6943, 3656.0, 13988.0, 6757.0, 609.0, 27.0
6944, 3655.0, 13263.0, 6643.0, 587.0, 26.0
6945, 3655.0, 13362.0, 6745.0, 589.0, 26.0
6946, 3654.0, 13329.0, 6716.0, 582.0, 26.0
6947, 3653.0, 13025.0, 6561.0, 571.0, 26.0
6948, 3652.0, 13293.0, 6669.0, 583.0, 26.0
6949, 3651.0, 15252.0, 6743.0, 632.0, 29.0
6950, 3651.0, 12708.0, 6664.0, 576.0, 25.0
6951, 3650.0, 13611.0, 6584.0, 581.0, 27.0
6952, 3649.0, 13846.0, 6701.0, 594.0, 27.0
6953, 3647.0, 14672.0, 6754.0, 624.0, 28.0
6954, 3646.0, 14982.0, 6814.0, 680.0, 28.0
6955, 3646.0, 13929.0, 6721.0, 602.0, 27.0
6956, 3645.0, 15018.0, 6783.0, 687.0, 28.0
6957, 3645.0, 18084.0, 6747.0, 612.0, 34.0
6958, 3644.0, 21919.0, 6632.0, 585.0, 42.0
6959, 3644.0, 26309.0, 6583.0, 577.0, 52.0
6960, 3643.0, 13262.0, 6657.0, 586.0, 26.0
6960, 3678.0, 10900.0, 6525.0, 534.0, 22.0
6961, 3642.0, 13108.0, 6571.0, 573.0, 26.0
6961, 3681.0, 17242.0, 6556.0, 550.0, 34.0
6962, 3642.0, 12595.0, 6643.0, 575.0, 25.0
6962, 3685.0, 14187.0, 6580.0, 576.0, 28.0
6963, 3641.0, 13352.0, 6762.0, 591.0, 26.0
6964, 3640.0, 13522.0, 6798.0, 607.0, 26.0
6965, 3639.0, 13170.0, 6629.0, 574.0, 26.0
6966, 3638.0, 13663.0, 6568.0, 580.0, 27.0
6967, 3638.0, 12611.0, 6638.0, 569.0, 25.0
6968, 3637.0, 13096.0, 6631.0, 583.0, 26.0
6969, 3636.0, 13404.0, 6744.0, 589.0, 26.0
6970, 3635.0, 13126.0, 6597.0, 578.0, 26.0
6971, 3634.0, 13788.0, 6606.0, 601.0, 27.0
6972, 3634.0, 13143.0, 6656.0, 583.0, 26.0
6973, 3633.0, 13007.0, 6557.0, 570.0, 26.0
6974, 3632.0, 13073.0, 6547.0, 573.0, 26.0
6975, 3631.0, 13284.0, 6650.0, 583.0, 26.0
6976, 3631.0, 12758.0, 6714.0, 583.0, 25.0
6977, 3630.0, 12756.0, 6714.0, 584.0, 25.0
6978, 3629.0, 13167.0, 6649.0, 581.0, 26.0
6979, 3628.0, 13142.0, 6609.0, 578.0, 26.0
6980, 3628.0, 12536.0, 6627.0, 572.0, 25.0
6981, 3627.0, 13094.0, 6646.0, 582.0, 26.0
6982, 3626.0, 13029.0, 6561.0, 576.0, 26.0
6983, 3625.0, 13174.0, 6645.0, 579.0, 26.0
6984, 3624.0, 13049.0, 6537.0, 577.0, 26.0
6985, 3623.0, 13338.0, 6663.0, 588.0, 26.0
6986, 3622.0, 13837.0, 6662.0, 607.0, 27.0
6987, 3622.0, 13198.0, 6634.0, 597.0, 26.0
6988, 3621.0, 13331.0, 6680.0, 595.0, 26.0
6989, 3620.0, 13681.0, 6565.0, 601.0, 27.0
6990, 3620.0, 12515.0, 6590.0, 578.0, 25.0
6991, 3619.0, 13214.0, 6661.0, 587.0, 26.0
6992, 3619.0, 12589.0, 6639.0, 581.0, 25.0
6993, 3618.0, 12473.0, 6551.0, 573.0, 25.0
6994, 3617.0, 13133.0, 6594.0, 580.0, 26.0
6995, 3616.0, 13578.0, 6545.0, 571.0, 27.0
6996, 3615.0, 13965.0, 6754.0, 629.0, 27.0
6997, 3615.0, 12524.0, 6576.0, 573.0, 25.0
6997, 3683.0, 14361.0, 6664.0, 618.0, 28.0
6998, 3614.0, 13233.0, 6661.0, 581.0, 26.0
6998, 3691.0, 15651.0, 6673.0, 605.0, 30.0
6999, 3614.0, 12429.0, 6546.0, 565.0, 25.0
7000, 3613.0, 13369.0, 6758.0, 605.0, 26.0
7001, 3612.0, 20455.0, 6817.0, 640.0, 39.0
7002, 3611.0, 29806.0, 6808.0, 686.0, 52.0
7003, 3610.0, 14042.0, 6716.0, 618.0, 27.0
7004, 3610.0, 13630.0, 6849.0, 615.0, 26.0
7005, 3609.0, 13243.0, 6645.0, 582.0, 26.0
7006, 3608.0, 14001.0, 6726.0, 619.0, 27.0
7007, 3608.0, 14280.0, 6846.0, 655.0, 27.0
7024, 3203.0, 18461.0, 6586.0, 571.0, 36.0
7024, 3595.0, 12728.0, 6668.0, 586.0, 25.0
7025, 3205.0, 20166.0, 6667.0, 578.0, 39.0
7025, 3595.0, 13287.0, 6774.0, 606.0, 26.0
7026, 3207.0, 21889.0, 6665.0, 603.0, 42.0
7026, 3594.0, 12972.0, 6838.0, 599.0, 25.0
7026, 4333.0, 8896.0, 6473.0, 514.0, 18.0
7027, 3227.0, 13518.0, 6786.0, 582.0, 26.0
7027, 3593.0, 13723.0, 6917.0, 623.0, 26.0
7028, 3232.0, 13282.0, 6713.0, 571.0, 26.0
7028, 3592.0, 13439.0, 6759.0, 605.0, 26.0
7029, 3237.0, 13191.0, 6651.0, 568.0, 26.0
7029, 3592.0, 12779.0, 6727.0, 591.0, 25.0
7030, 3242.0, 13375.0, 6772.0, 581.0, 26.0
7030, 3591.0, 12807.0, 6722.0, 592.0, 25.0
7032, 3250.0, 14445.0, 6709.0, 599.0, 28.0
7032, 3589.0, 13264.0, 6684.0, 587.0, 26.0
7033, 3252.0, 16513.0, 6773.0, 638.0, 31.0
7033, 3589.0, 12854.0, 6802.0, 598.0, 25.0
7034, 3253.0, 18220.0, 6738.0, 627.0, 34.0
7034, 3588.0, 12723.0, 6711.0, 586.0, 25.0
7035, 3248.0, 22742.0, 6548.0, 612.0, 43.0
7035, 3587.0, 12572.0, 6629.0, 590.0, 25.0
7036, 3250.0, 25242.0, 6628.0, 694.0, 46.0
7036, 3586.0, 13500.0, 6820.0, 641.0, 26.0
7037, 3275.0, 13254.0, 6703.0, 564.0, 26.0
7037, 3585.0, 13324.0, 6734.0, 600.0, 26.0
7038, 3280.0, 13075.0, 6588.0, 556.0, 26.0
7038, 3585.0, 12658.0, 6717.0, 588.0, 25.0
7039, 3285.0, 14444.0, 6724.0, 608.0, 28.0
7039, 3584.0, 12493.0, 6625.0, 576.0, 25.0
7040, 3288.0, 14856.0, 6581.0, 607.0, 29.0
7040, 3583.0, 13171.0, 6654.0, 606.0, 26.0
7041, 3292.0, 14492.0, 6698.0, 609.0, 28.0
7041, 3582.0, 13257.0, 6687.0, 601.0, 26.0
7041, 5046.0, 13796.0, 6660.0, 593.0, 27.0
7042, 3296.0, 16710.0, 6598.0, 702.0, 31.0
7042, 3582.0, 12016.0, 6637.0, 579.0, 24.0
7042, 5050.0, 9642.0, 6349.0, 515.0, 20.0
7043, 3293.0, 20444.0, 6731.0, 679.0, 37.0
7043, 3581.0, 12558.0, 6643.0, 586.0, 25.0
7044, 3293.0, 20866.0, 6569.0, 569.0, 41.0
7044, 3580.0, 12558.0, 6652.0, 589.0, 25.0
7045, 3313.0, 12918.0, 6477.0, 555.0, 26.0
7045, 3579.0, 13164.0, 6683.0, 607.0, 26.0
7046, 3319.0, 12580.0, 6647.0, 557.0, 25.0
7046, 3578.0, 13276.0, 6716.0, 607.0, 26.0
7046, 5805.0, 13824.0, 6689.0, 586.0, 27.0
7047, 3323.0, 13031.0, 6579.0, 560.0, 26.0
7047, 3577.0, 12703.0, 6673.0, 591.0, 25.0
7047, 5798.0, 15279.0, 6686.0, 646.0, 29.0
7048, 3328.0, 13282.0, 6715.0, 571.0, 26.0
7048, 3576.0, 14072.0, 6784.0, 638.0, 27.0
7048, 5791.0, 16556.0, 6695.0, 659.0, 31.0
7049, 3332.0, 13213.0, 6643.0, 579.0, 26.0
7049, 3576.0, 12611.0, 6678.0, 586.0, 25.0
7049, 5786.0, 16074.0, 6784.0, 689.0, 30.0
7050, 3337.0, 13254.0, 6676.0, 567.0, 26.0
7050, 3575.0, 12671.0, 6697.0, 578.0, 25.0
7050, 5782.0, 15726.0, 6918.0, 693.0, 29.0
7051, 3342.0, 13091.0, 6599.0, 560.0, 26.0
7051, 3574.0, 13294.0, 6740.0, 618.0, 26.0
7051, 5776.0, 14918.0, 6914.0, 668.0, 28.0
7052, 3347.0, 13057.0, 6581.0, 561.0, 26.0
7052, 3573.0, 14744.0, 6625.0, 584.0, 29.0
7052, 5770.0, 15350.0, 6772.0, 662.0, 29.0
7053, 3352.0, 12677.0, 6665.0, 566.0, 25.0
7053, 3568.0, 19584.0, 6766.0, 674.0, 36.0
7053, 5765.0, 14681.0, 6859.0, 640.0, 28.0
7054, 3357.0, 13045.0, 6610.0, 560.0, 26.0
7054, 3569.0, 15952.0, 6694.0, 687.0, 30.0
7054, 5031.0, 10690.0, 6387.0, 510.0, 22.0
7054, 5759.0, 14655.0, 6735.0, 639.0, 28.0
7055, 3361.0, 13010.0, 6519.0, 558.0, 26.0
7055, 3570.0, 12538.0, 6592.0, 580.0, 25.0
7055, 5751.0, 16009.0, 6670.0, 686.0, 30.0
7056, 3366.0, 13427.0, 6490.0, 559.0, 27.0
7056, 3570.0, 12457.0, 6586.0, 578.0, 25.0
7056, 5746.0, 16677.0, 6640.0, 714.0, 31.0
7057, 3371.0, 13531.0, 6545.0, 570.0, 27.0
7057, 3569.0, 12455.0, 6550.0, 576.0, 25.0
7057, 5742.0, 15326.0, 6750.0, 667.0, 29.0
7058, 3376.0, 13748.0, 6636.0, 585.0, 27.0
7058, 3544.0, 25648.0, 6733.0, 608.0, 50.0
7058, 5734.0, 16468.0, 6676.0, 660.0, 31.0
7059, 3379.0, 15060.0, 6701.0, 596.0, 29.0
7059, 3545.0, 27168.0, 6511.0, 698.0, 50.0
7059, 5729.0, 17137.0, 6939.0, 723.0, 31.0
7060, 3380.0, 17275.0, 6625.0, 584.0, 33.0
7060, 3567.0, 12787.0, 6768.0, 590.0, 25.0
7060, 5725.0, 16251.0, 6958.0, 676.0, 30.0
7061, 3378.0, 20420.0, 6521.0, 583.0, 40.0
7061, 3566.0, 12510.0, 6614.0, 583.0, 25.0
7061, 5719.0, 15182.0, 6754.0, 645.0, 29.0
7062, 3379.0, 22573.0, 6541.0, 607.0, 44.0
7062, 3564.0, 13187.0, 6638.0, 602.0, 26.0
7062, 5713.0, 15281.0, 6717.0, 650.0, 29.0
7063, 3399.0, 15935.0, 6780.0, 659.0, 30.0
7063, 3563.0, 17927.0, 6648.0, 682.0, 33.0
7063, 5708.0, 14729.0, 6834.0, 647.0, 28.0
7064, 3402.0, 17052.0, 6799.0, 732.0, 31.0
7064, 3563.0, 16157.0, 6922.0, 678.0, 30.0
7064, 5702.0, 15390.0, 6863.0, 650.0, 29.0
7065, 3410.0, 13911.0, 6754.0, 575.0, 27.0
7065, 3562.0, 13436.0, 6796.0, 607.0, 26.0
7065, 5696.0, 15630.0, 6962.0, 661.0, 29.0
7066, 3416.0, 12635.0, 6651.0, 561.0, 25.0
7066, 3562.0, 12655.0, 6730.0, 587.0, 25.0
7066, 5690.0, 15293.0, 6819.0, 646.0, 29.0
7067, 3420.0, 13192.0, 6643.0, 570.0, 26.0
7067, 3561.0, 12654.0, 6704.0, 579.0, 25.0
7067, 5684.0, 15287.0, 6772.0, 642.0, 29.0
7068, 3425.0, 13599.0, 6596.0, 564.0, 27.0
7068, 3560.0, 12720.0, 6710.0, 593.0, 25.0
7068, 5678.0, 15288.0, 6763.0, 645.0, 29.0
7069, 3430.0, 13919.0, 6768.0, 597.0, 27.0
7069, 3559.0, 12791.0, 6768.0, 599.0, 25.0
7069, 5662.0, 21176.0, 6657.0, 688.0, 39.0
7070, 3433.0, 14373.0, 6659.0, 575.0, 28.0
7070, 3558.0, 12873.0, 6790.0, 600.0, 25.0
7070, 5664.0, 19162.0, 6875.0, 737.0, 34.0
7071, 3440.0, 12337.0, 6479.0, 549.0, 25.0
7071, 3557.0, 12516.0, 6592.0, 585.0, 25.0
7071, 5661.0, 15297.0, 6784.0, 663.0, 29.0
7072, 3445.0, 12490.0, 6551.0, 554.0, 25.0
7072, 3556.0, 13108.0, 6625.0, 587.0, 26.0
7072, 5655.0, 15239.0, 6806.0, 647.0, 29.0
7073, 3450.0, 12779.0, 6484.0, 549.0, 26.0
7073, 3555.0, 12998.0, 6560.0, 587.0, 26.0
7073, 5649.0, 15626.0, 6682.0, 653.0, 30.0
7074, 3454.0, 13455.0, 6495.0, 555.0, 27.0
7074, 3554.0, 14012.0, 6755.0, 643.0, 27.0
7074, 5643.0, 15250.0, 6679.0, 654.0, 29.0
7075, 3459.0, 12815.0, 6445.0, 551.0, 26.0
7075, 3554.0, 12369.0, 6552.0, 575.0, 25.0
7075, 5637.0, 15016.0, 6637.0, 643.0, 29.0
7076, 3464.0, 13109.0, 6601.0, 562.0, 26.0
7076, 3553.0, 12659.0, 6696.0, 590.0, 25.0
7076, 5632.0, 15431.0, 6843.0, 662.0, 29.0
7077, 3469.0, 13560.0, 6614.0, 568.0, 27.0
7077, 3552.0, 12565.0, 6622.0, 581.0, 25.0
7077, 5625.0, 15700.0, 6679.0, 649.0, 30.0
7078, 3472.0, 14803.0, 6525.0, 621.0, 29.0
7078, 3551.0, 12888.0, 6545.0, 580.0, 26.0
7078, 5620.0, 14914.0, 6699.0, 633.0, 29.0
7079, 3475.0, 16824.0, 6489.0, 663.0, 32.0
7079, 3549.0, 15112.0, 6628.0, 660.0, 29.0
7079, 5613.0, 15607.0, 6609.0, 648.0, 30.0
7080, 3480.0, 16337.0, 6658.0, 658.0, 31.0
7080, 3549.0, 17816.0, 6600.0, 603.0, 34.0
7080, 5606.0, 16564.0, 6633.0, 702.0, 31.0
7081, 3485.0, 15775.0, 6649.0, 644.0, 30.0
7081, 3548.0, 13555.0, 6573.0, 586.0, 27.0
7081, 5601.0, 16331.0, 6831.0, 728.0, 30.0
7082, 3489.0, 17047.0, 6613.0, 658.0, 32.0
7082, 3547.0, 13122.0, 6584.0, 593.0, 26.0
7082, 5596.0, 15859.0, 6789.0, 668.0, 30.0
7083, 3493.0, 16779.0, 6656.0, 634.0, 32.0
7083, 3547.0, 14218.0, 6888.0, 686.0, 27.0
7083, 5590.0, 15081.0, 6649.0, 642.0, 29.0
7084, 3495.0, 18794.0, 6573.0, 653.0, 35.0
7084, 3546.0, 14620.0, 6760.0, 651.0, 28.0
7084, 5584.0, 15195.0, 6672.0, 647.0, 29.0
7085, 3497.0, 20616.0, 6806.0, 642.0, 38.0
7085, 3545.0, 15939.0, 6747.0, 651.0, 30.0
7085, 5578.0, 15828.0, 6754.0, 656.0, 30.0
7086, 3499.0, 21254.0, 6375.0, 626.0, 41.0
7086, 3544.0, 15699.0, 6500.0, 589.0, 31.0
7086, 5572.0, 15017.0, 6638.0, 642.0, 29.0
7087, 3502.0, 36311.0, 6528.0, 709.0, 69.0
7087, 5566.0, 15660.0, 6681.0, 648.0, 30.0
7088, 3502.0, 35343.0, 6554.0, 751.0, 67.0
7088, 5561.0, 14865.0, 6928.0, 661.0, 28.0
7089, 3502.0, 11708.0, 6408.0, 532.0, 24.0
7089, 3527.0, 20113.0, 6463.0, 577.0, 40.0
7089, 5555.0, 14391.0, 6724.0, 634.0, 28.0
7090, 3503.0, 11291.0, 6482.0, 532.0, 23.0
7090, 3531.0, 18575.0, 6502.0, 586.0, 36.0
7090, 5548.0, 15205.0, 6655.0, 653.0, 29.0
7091, 3502.0, 11930.0, 6546.0, 547.0, 24.0
7091, 3536.0, 15952.0, 6696.0, 658.0, 30.0
7091, 5543.0, 14740.0, 6805.0, 647.0, 28.0
7092, 3501.0, 13657.0, 6582.0, 597.0, 27.0
7092, 3539.0, 15187.0, 6777.0, 661.0, 29.0
7092, 5537.0, 14854.0, 6877.0, 682.0, 28.0
7093, 3503.0, 12384.0, 6555.0, 551.0, 25.0
7093, 3539.0, 17085.0, 6655.0, 604.0, 33.0
7093, 5531.0, 14609.0, 6745.0, 642.0, 28.0
7094, 3504.0, 11352.0, 6521.0, 541.0, 23.0
7094, 3539.0, 19274.0, 6649.0, 582.0, 38.0
7094, 5525.0, 14709.0, 6764.0, 663.0, 28.0
7095, 3503.0, 12443.0, 6507.0, 555.0, 25.0
7095, 3538.0, 22925.0, 6689.0, 588.0, 45.0
7095, 5519.0, 15229.0, 6735.0, 650.0, 29.0
7096, 3503.0, 13620.0, 6553.0, 586.0, 27.0
7096, 3537.0, 25932.0, 6650.0, 592.0, 51.0
7096, 5508.0, 18547.0, 6640.0, 691.0, 34.0
7097, 3504.0, 13164.0, 6617.0, 585.0, 26.0
7097, 3536.0, 12571.0, 6621.0, 586.0, 25.0
7097, 3566.0, 12997.0, 6597.0, 559.0, 26.0
7097, 5507.0, 15207.0, 6704.0, 652.0, 29.0
7098, 3506.0, 12263.0, 6480.0, 541.0, 25.0
7098, 3535.0, 12543.0, 6602.0, 596.0, 25.0
7098, 3571.0, 12342.0, 6492.0, 551.0, 25.0
7098, 5501.0, 15439.0, 6826.0, 705.0, 29.0
7099, 3507.0, 12402.0, 6520.0, 547.0, 25.0
7099, 3534.0, 12570.0, 6626.0, 591.0, 25.0
7099, 3576.0, 12433.0, 6561.0, 553.0, 25.0
7099, 5496.0, 14611.0, 6773.0, 642.0, 28.0
7100, 3509.0, 25061.0, 6526.0, 595.0, 50.0
7100, 3580.0, 13328.0, 6450.0, 551.0, 27.0
7100, 5490.0, 15246.0, 6829.0, 674.0, 29.0
7101, 3512.0, 23730.0, 6624.0, 627.0, 46.0
7101, 3581.0, 15576.0, 6646.0, 596.0, 30.0
7101, 5484.0, 15368.0, 6811.0, 663.0, 29.0
7102, 3515.0, 21916.0, 6499.0, 618.0, 43.0
7102, 3583.0, 16441.0, 6315.0, 560.0, 33.0
7102, 5479.0, 14635.0, 6864.0, 654.0, 28.0
7103, 3517.0, 19671.0, 6500.0, 593.0, 39.0
7103, 3596.0, 12275.0, 6468.0, 542.0, 25.0
7103, 5472.0, 14959.0, 6654.0, 642.0, 29.0
7104, 3517.0, 20159.0, 6574.0, 617.0, 39.0
7104, 3588.0, 21347.0, 6500.0, 572.0, 42.0
7104, 5467.0, 14638.0, 6796.0, 638.0, 28.0
7105, 3517.0, 19438.0, 6761.0, 591.0, 37.0
7105, 3587.0, 26526.0, 6846.0, 667.0, 48.0
7105, 5460.0, 15714.0, 6924.0, 685.0, 29.0
7106, 3521.0, 17150.0, 6550.0, 613.0, 33.0
7106, 3590.0, 26445.0, 6636.0, 668.0, 48.0
7106, 5455.0, 15969.0, 6798.0, 670.0, 30.0
7107, 3524.0, 28674.0, 6769.0, 651.0, 55.0
7107, 3595.0, 27403.0, 6798.0, 677.0, 49.0
7107, 5448.0, 16121.0, 6794.0, 674.0, 30.0
7108, 3525.0, 31283.0, 6692.0, 717.0, 56.0
7108, 3599.0, 28538.0, 6581.0, 727.0, 51.0
7108, 5443.0, 15865.0, 6703.0, 672.0, 30.0
7109, 3525.0, 28042.0, 6797.0, 641.0, 53.0
7109, 3603.0, 28711.0, 6749.0, 736.0, 49.0
7109, 5437.0, 15502.0, 6865.0, 657.0, 29.0
7110, 3524.0, 13529.0, 6768.0, 615.0, 26.0
7110, 3608.0, 27640.0, 6769.0, 704.0, 48.0
7110, 5431.0, 15701.0, 6889.0, 690.0, 29.0
7111, 3523.0, 14803.0, 6794.0, 664.0, 28.0
7111, 3614.0, 24919.0, 6649.0, 598.0, 47.0
7111, 5425.0, 15542.0, 6805.0, 682.0, 29.0
7112, 3523.0, 14663.0, 7102.0, 702.0, 27.0
7112, 3620.0, 24560.0, 6697.0, 618.0, 46.0
7112, 5420.0, 14883.0, 6928.0, 648.0, 28.0
7113, 3519.0, 16948.0, 6616.0, 769.0, 31.0
7113, 3624.0, 24062.0, 6581.0, 632.0, 46.0
7113, 5414.0, 14643.0, 6867.0, 639.0, 28.0
7114, 3520.0, 17188.0, 6835.0, 726.0, 31.0
7114, 3627.0, 26631.0, 6666.0, 664.0, 50.0
7114, 5408.0, 14972.0, 6934.0, 659.0, 28.0
7115, 3520.0, 17951.0, 6981.0, 714.0, 32.0
7115, 3631.0, 29458.0, 6896.0, 708.0, 53.0
7115, 5401.0, 16219.0, 6940.0, 668.0, 30.0
7116, 3520.0, 17899.0, 7173.0, 696.0, 32.0
7116, 3573.0, 10986.0, 6568.0, 534.0, 22.0
7116, 3634.0, 35707.0, 6908.0, 702.0, 62.0
7116, 5395.0, 16561.0, 6992.0, 735.0, 30.0
7117, 3512.0, 25453.0, 7029.0, 781.0, 42.0
7117, 3576.0, 13270.0, 6662.0, 551.0, 26.0
7117, 3638.0, 38852.0, 6777.0, 670.0, 70.0
7117, 5389.0, 15465.0, 6876.0, 652.0, 29.0
7118, 3518.0, 20709.0, 7100.0, 704.0, 37.0
7118, 3582.0, 10528.0, 6587.0, 522.0, 21.0
7118, 3644.0, 39129.0, 6769.0, 603.0, 73.0
7118, 3755.0, 18068.0, 6638.0, 562.0, 35.0
7118, 5383.0, 15504.0, 6914.0, 659.0, 29.0
7119, 3518.0, 20568.0, 6866.0, 649.0, 37.0
7119, 3648.0, 41763.0, 6708.0, 578.0, 80.0
7119, 3755.0, 21598.0, 6628.0, 553.0, 43.0
7119, 5375.0, 15919.0, 6700.0, 651.0, 30.0
7120, 3516.0, 20418.0, 6527.0, 596.0, 40.0
7120, 3650.0, 28718.0, 6668.0, 660.0, 55.0
7120, 3708.0, 45699.0, 6390.0, 540.0, 90.0
7120, 5370.0, 15646.0, 6785.0, 728.0, 29.0
7121, 3515.0, 23207.0, 6920.0, 655.0, 43.0
7121, 3651.0, 32176.0, 6837.0, 675.0, 60.0
7121, 3763.0, 11178.0, 6634.0, 516.0, 22.0
7121, 5360.0, 19662.0, 6868.0, 709.0, 35.0
7122, 3514.0, 23970.0, 6891.0, 719.0, 44.0
7122, 3652.0, 32517.0, 6756.0, 665.0, 62.0
7122, 3932.0, 9921.0, 6486.0, 509.0, 20.0
7122, 5356.0, 21612.0, 6912.0, 798.0, 38.0
7123, 3514.0, 23511.0, 6641.0, 629.0, 44.0
7123, 3653.0, 34217.0, 6554.0, 614.0, 66.0
7123, 3891.0, 37546.0, 6621.0, 579.0, 74.0
7123, 5350.0, 21409.0, 6843.0, 836.0, 37.0
7124, 3514.0, 23270.0, 6834.0, 606.0, 45.0
7124, 3631.0, 48220.0, 6585.0, 639.0, 92.0
7124, 3889.0, 17009.0, 6828.0, 620.0, 32.0
7124, 3947.0, 16683.0, 6793.0, 668.0, 31.0
7124, 5344.0, 16903.0, 6855.0, 707.0, 31.0
7125, 3513.0, 26381.0, 7004.0, 682.0, 49.0
7125, 3628.0, 31721.0, 6625.0, 663.0, 60.0
7125, 3704.0, 12707.0, 6693.0, 562.0, 25.0
7125, 3952.0, 10942.0, 6543.0, 522.0, 22.0
7125, 5339.0, 15830.0, 7014.0, 693.0, 29.0
7126, 3512.0, 12610.0, 6633.0, 600.0, 25.0
7126, 3539.0, 12836.0, 6857.0, 635.0, 25.0
7126, 3627.0, 30456.0, 6440.0, 624.0, 60.0
7126, 3709.0, 12297.0, 6477.0, 546.0, 25.0
7126, 5332.0, 15283.0, 6748.0, 663.0, 29.0
7127, 3511.0, 13124.0, 6599.0, 588.0, 26.0
7127, 3541.0, 13374.0, 6793.0, 631.0, 26.0
7127, 3628.0, 41708.0, 6451.0, 634.0, 82.0
7127, 3713.0, 13031.0, 6553.0, 554.0, 26.0
7127, 5327.0, 15085.0, 6964.0, 702.0, 28.0
7128, 3511.0, 13003.0, 6893.0, 615.0, 25.0
7128, 3542.0, 14175.0, 6837.0, 640.0, 27.0
7128, 3629.0, 61354.0, 6700.0, 625.0, 115.0
7128, 5321.0, 14995.0, 7031.0, 661.0, 28.0
7129, 3510.0, 12811.0, 6784.0, 596.0, 25.0
7129, 3543.0, 13797.0, 6983.0, 669.0, 26.0
7129, 3631.0, 12542.0, 6602.0, 540.0, 25.0
7129, 3664.0, 14604.0, 6705.0, 602.0, 28.0
7129, 3696.0, 28483.0, 6595.0, 637.0, 53.0
7129, 5313.0, 16579.0, 7064.0, 735.0, 30.0
7129, 7143.0, 9793.0, 6431.0, 511.0, 20.0
7130, 3508.0, 14066.0, 6805.0, 634.0, 27.0
7130, 3543.0, 13282.0, 6686.0, 592.0, 26.0
7130, 3670.0, 13269.0, 6704.0, 572.0, 26.0
7130, 3708.0, 23260.0, 6490.0, 557.0, 46.0
7130, 5308.0, 15630.0, 6979.0, 683.0, 29.0
7131, 3507.0, 14377.0, 6871.0, 674.0, 27.0
7131, 3542.0, 15103.0, 6897.0, 679.0, 28.0
7131, 3669.0, 14259.0, 6567.0, 563.0, 28.0
7131, 3709.0, 26425.0, 6764.0, 622.0, 50.0
7131, 4007.0, 15918.0, 6672.0, 570.0, 31.0
7131, 5301.0, 15726.0, 6885.0, 705.0, 29.0
7132, 3507.0, 13377.0, 6766.0, 614.0, 26.0
7132, 3544.0, 13299.0, 6688.0, 582.0, 26.0
7132, 3667.0, 16386.0, 6767.0, 605.0, 31.0
7132, 3711.0, 28424.0, 6821.0, 728.0, 53.0
7132, 5296.0, 14988.0, 6975.0, 675.0, 28.0
7133, 3507.0, 12906.0, 6840.0, 612.0, 25.0
7133, 3543.0, 13343.0, 6722.0, 585.0, 26.0
7133, 3675.0, 11041.0, 6618.0, 532.0, 22.0
7133, 3714.0, 30018.0, 6688.0, 653.0, 56.0
7133, 3784.0, 22315.0, 6584.0, 552.0, 44.0
7133, 5289.0, 15462.0, 6882.0, 659.0, 29.0
7134, 3507.0, 13781.0, 7004.0, 648.0, 26.0
7134, 3542.0, 14627.0, 7127.0, 690.0, 27.0
7134, 3648.0, 25678.0, 6692.0, 557.0, 50.0
7134, 3725.0, 26655.0, 6776.0, 590.0, 50.0
7134, 3803.0, 11154.0, 6667.0, 531.0, 22.0
7134, 5283.0, 23987.0, 7246.0, 736.0, 44.0
7135, 3510.0, 11002.0, 6593.0, 531.0, 22.0
7135, 3542.0, 15877.0, 7066.0, 722.0, 29.0
7135, 3632.0, 37003.0, 6871.0, 657.0, 66.0
7135, 3735.0, 29717.0, 6837.0, 657.0, 54.0
7135, 3827.0, 12713.0, 6682.0, 582.0, 25.0
7135, 4751.0, 7895.0, 6009.0, 473.0, 17.0
7135, 5262.0, 26413.0, 6559.0, 957.0, 45.0
7200, 4068.0, 13605.0, 6547.0, 550.0, 27.0
7200, 4750.0, 8319.0, 5950.0, 475.0, 18.0
7200, 4863.0, 16797.0, 6823.0, 612.0, 32.0
7215, 4139.0, 15373.0, 6647.0, 550.0, 30.0
7215, 4754.0, 27253.0, 6702.0, 624.0, 51.0
7264, 4357.0, 15685.0, 6700.0, 618.0, 30.0
7265, 4362.0, 15111.0, 6694.0, 614.0, 29.0
7266, 4365.0, 15833.0, 6662.0, 642.0, 30.0
7267, 4367.0, 16830.0, 6668.0, 603.0, 32.0
7268, 4377.0, 13709.0, 6650.0, 565.0, 27.0
7269, 4381.0, 14478.0, 6734.0, 586.0, 28.0
7270, 4385.0, 15332.0, 6841.0, 619.0, 29.0
7271, 4386.0, 17493.0, 6795.0, 708.0, 32.0
7272, 4388.0, 17826.0, 6680.0, 586.0, 34.0
7273, 4398.0, 14610.0, 6754.0, 582.0, 28.0
7274, 4404.0, 13913.0, 6752.0, 566.0, 27.0
7275, 4408.0, 13832.0, 6421.0, 550.0, 28.0
7276, 4412.0, 14418.0, 6701.0, 576.0, 28.0
7277, 4417.0, 13853.0, 6695.0, 562.0, 27.0
7278, 4422.0, 13578.0, 6551.0, 558.0, 27.0
7279, 4426.0, 13725.0, 6640.0, 567.0, 27.0
7279, 4885.0, 10882.0, 6567.0, 546.0, 22.0
7280, 4430.0, 13666.0, 6578.0, 558.0, 27.0
7280, 4888.0, 13024.0, 6998.0, 646.0, 25.0
7281, 4435.0, 13880.0, 6445.0, 555.0, 28.0
7282, 4439.0, 14501.0, 6711.0, 600.0, 28.0
7283, 4441.0, 16057.0, 6629.0, 585.0, 31.0
7284, 4449.0, 13549.0, 6565.0, 558.0, 27.0
7285, 4454.0, 13737.0, 6639.0, 571.0, 27.0
7286, 4457.0, 14149.0, 6550.0, 566.0, 28.0
7287, 3726.0, 7703.0, 6288.0, 497.0, 16.0
7287, 4462.0, 13549.0, 6527.0, 556.0, 27.0
7288, 4467.0, 13737.0, 6666.0, 560.0, 27.0
7289, 4471.0, 14202.0, 6620.0, 570.0, 28.0
7290, 4475.0, 14160.0, 6572.0, 559.0, 28.0
7291, 4480.0, 14411.0, 6693.0, 574.0, 28.0
7292, 4484.0, 14829.0, 6623.0, 569.0, 29.0
7293, 4489.0, 14168.0, 6576.0, 566.0, 28.0
7294, 4493.0, 14238.0, 6578.0, 569.0, 28.0
7295, 4498.0, 13401.0, 6479.0, 552.0, 27.0
7296, 4503.0, 13281.0, 6425.0, 545.0, 27.0
7297, 4508.0, 12817.0, 6456.0, 540.0, 26.0
7298, 4512.0, 13224.0, 6359.0, 541.0, 27.0
7299, 4517.0, 13554.0, 6548.0, 553.0, 27.0
7300, 4521.0, 16982.0, 6549.0, 587.0, 33.0
7301, 4524.0, 15395.0, 6602.0, 593.0, 30.0
7302, 4530.0, 13513.0, 6544.0, 553.0, 27.0
7303, 4535.0, 13506.0, 6559.0, 554.0, 27.0
7304, 4539.0, 14056.0, 6539.0, 561.0, 28.0
7305, 4543.0, 14202.0, 6591.0, 558.0, 28.0
7306, 4548.0, 13503.0, 6501.0, 552.0, 27.0
7306, 4708.0, 12793.0, 6418.0, 530.0, 26.0
7307, 4553.0, 13641.0, 6601.0, 560.0, 27.0
7308, 4557.0, 13998.0, 6484.0, 554.0, 28.0
7309, 4562.0, 13553.0, 6553.0, 554.0, 27.0
7310, 4566.0, 14206.0, 6594.0, 562.0, 28.0
7311, 4571.0, 13572.0, 6574.0, 550.0, 27.0
7312, 4575.0, 24928.0, 6594.0, 591.0, 48.0
7313, 4580.0, 25268.0, 6612.0, 613.0, 48.0
7314, 4585.0, 13662.0, 6588.0, 553.0, 27.0
7315, 4589.0, 13451.0, 6500.0, 550.0, 27.0
7316, 4594.0, 13607.0, 6611.0, 553.0, 27.0
7317, 4598.0, 13553.0, 6544.0, 556.0, 27.0
7318, 4602.0, 14251.0, 6600.0, 566.0, 28.0
7319, 4607.0, 13468.0, 6490.0, 552.0, 27.0
7320, 4612.0, 13477.0, 6524.0, 550.0, 27.0
7321, 4616.0, 13612.0, 6571.0, 562.0, 27.0
7322, 4620.0, 13850.0, 6407.0, 547.0, 28.0
7323, 4624.0, 14726.0, 6519.0, 584.0, 29.0
7324, 4627.0, 15162.0, 6462.0, 582.0, 30.0
7325, 4634.0, 14044.0, 6532.0, 560.0, 28.0
7326, 4638.0, 14029.0, 6487.0, 567.0, 28.0
7327, 4643.0, 14221.0, 6628.0, 570.0, 28.0
7328, 4647.0, 14474.0, 6717.0, 575.0, 28.0
7329, 4652.0, 14477.0, 6723.0, 569.0, 28.0
7330, 4658.0, 13957.0, 6780.0, 570.0, 27.0
7331, 4662.0, 14095.0, 6575.0, 556.0, 28.0
7332, 3203.0, 17598.0, 6613.0, 561.0, 34.0
7332, 4666.0, 14401.0, 6687.0, 569.0, 28.0
7333, 3212.0, 16613.0, 6673.0, 572.0, 32.0
7333, 4668.0, 15855.0, 6769.0, 615.0, 30.0
7334, 3218.0, 17418.0, 6716.0, 575.0, 33.0
7334, 4670.0, 17776.0, 6684.0, 568.0, 34.0
7335, 3226.0, 17765.0, 6672.0, 569.0, 34.0
7335, 4682.0, 14437.0, 6724.0, 561.0, 28.0
7336, 3234.0, 17187.0, 6650.0, 571.0, 33.0
7336, 4689.0, 12560.0, 6554.0, 517.0, 25.0
7337, 3241.0, 17308.0, 6722.0, 575.0, 33.0
7338, 3248.0, 19421.0, 6636.0, 582.0, 37.0
7339, 3255.0, 19896.0, 6767.0, 666.0, 36.0
7339, 3300.0, 12622.0, 6636.0, 534.0, 25.0
7340, 3258.0, 37333.0, 6604.0, 787.0, 67.0
7341, 3262.0, 31219.0, 6723.0, 792.0, 55.0
7342, 3263.0, 29278.0, 6861.0, 700.0, 51.0
7342, 3334.0, 13093.0, 6566.0, 544.0, 26.0
7343, 3265.0, 29021.0, 6661.0, 620.0, 54.0
7343, 3335.0, 11488.0, 6556.0, 528.0, 23.0
7344, 3289.0, 20444.0, 6704.0, 611.0, 38.0
7344, 3335.0, 10551.0, 6594.0, 526.0, 21.0
7345, 3296.0, 31329.0, 6783.0, 610.0, 59.0
7346, 3302.0, 22709.0, 6843.0, 631.0, 41.0
7347, 3306.0, 24514.0, 6705.0, 603.0, 45.0
7347, 4831.0, 12243.0, 6675.0, 537.0, 24.0
7348, 3315.0, 22709.0, 6805.0, 633.0, 41.0
7348, 4832.0, 10232.0, 6699.0, 526.0, 20.0
7349, 3324.0, 22251.0, 6765.0, 604.0, 41.0
7350, 3334.0, 22855.0, 6711.0, 613.0, 42.0
7350, 3405.0, 8571.0, 6612.0, 513.0, 17.0
7351, 3344.0, 45457.0, 6837.0, 633.0, 82.0
7352, 3351.0, 23273.0, 6814.0, 634.0, 42.0
7352, 3396.0, 14452.0, 6726.0, 556.0, 28.0
7353, 3357.0, 35099.0, 6626.0, 650.0, 66.0
7354, 3365.0, 20373.0, 6783.0, 600.0, 38.0
7355, 3376.0, 17758.0, 6701.0, 573.0, 34.0
7356, 3385.0, 16612.0, 6676.0, 558.0, 32.0
7357, 3392.0, 18938.0, 6652.0, 576.0, 36.0
7358, 3399.0, 20140.0, 6804.0, 619.0, 37.0
7359, 3405.0, 19596.0, 6607.0, 600.0, 37.0
7360, 3409.0, 20957.0, 6545.0, 651.0, 39.0
7361, 3410.0, 24183.0, 6607.0, 662.0, 45.0
7362, 3414.0, 26423.0, 6619.0, 559.0, 51.0
7363, 3428.0, 22757.0, 6401.0, 550.0, 45.0
7364, 3374.0, 11627.0, 6342.0, 509.0, 24.0
7364, 3448.0, 16465.0, 6414.0, 537.0, 33.0
7365, 3375.0, 15473.0, 6449.0, 533.0, 31.0
7365, 3456.0, 17841.0, 6502.0, 559.0, 35.0
7366, 3381.0, 13291.0, 6417.0, 531.0, 27.0
7366, 3463.0, 18655.0, 6481.0, 595.0, 36.0
7367, 3469.0, 19613.0, 6617.0, 621.0, 37.0
7368, 3474.0, 20367.0, 6329.0, 591.0, 40.0
7369, 3479.0, 22641.0, 6541.0, 582.0, 43.0
7370, 3483.0, 23240.0, 6410.0, 549.0, 46.0
7371, 3486.0, 26627.0, 6394.0, 545.0, 53.0
7371, 4867.0, 7541.0, 6155.0, 486.0, 16.0
7372, 3488.0, 28377.0, 6426.0, 540.0, 57.0
7373, 3489.0, 12708.0, 6366.0, 531.0, 26.0
7373, 3522.0, 15324.0, 6363.0, 530.0, 31.0
7374, 3490.0, 12955.0, 6516.0, 542.0, 26.0
7374, 3530.0, 12994.0, 6547.0, 534.0, 26.0
7375, 3491.0, 13832.0, 6405.0, 540.0, 28.0
7376, 3494.0, 14304.0, 6661.0, 569.0, 28.0
7377, 3496.0, 13195.0, 6657.0, 559.0, 26.0
7378, 3497.0, 14056.0, 6495.0, 558.0, 28.0
7379, 3498.0, 15514.0, 6613.0, 601.0, 30.0
7380, 3499.0, 15526.0, 6657.0, 582.0, 30.0
7381, 3503.0, 12884.0, 6473.0, 541.0, 26.0
7382, 3506.0, 12935.0, 6510.0, 538.0, 26.0
7383, 3508.0, 14274.0, 6625.0, 565.0, 28.0
7384, 3510.0, 14422.0, 6689.0, 578.0, 28.0
7385, 3512.0, 14066.0, 6512.0, 554.0, 28.0
7386, 3515.0, 13006.0, 6566.0, 547.0, 26.0
7387, 3517.0, 12402.0, 6498.0, 539.0, 25.0
7388, 3519.0, 12681.0, 6398.0, 523.0, 26.0
7389, 3521.0, 13373.0, 6440.0, 532.0, 27.0
7390, 3525.0, 13396.0, 6462.0, 538.0, 27.0
7391, 3530.0, 12365.0, 6472.0, 521.0, 25.0
7392, 3534.0, 12512.0, 6572.0, 537.0, 25.0
7393, 3534.0, 12663.0, 6621.0, 542.0, 25.0
7404, 3758.0, 10396.0, 6515.0, 524.0, 21.0
7405, 3759.0, 13031.0, 6561.0, 560.0, 26.0
7445, 5622.0, 12876.0, 6478.0, 525.0, 26.0
7446, 5620.0, 16432.0, 7064.0, 816.0, 29.0
7447, 5619.0, 16388.0, 7126.0, 829.0, 29.0
7448, 5618.0, 16458.0, 6989.0, 824.0, 29.0
7449, 5617.0, 16891.0, 7118.0, 874.0, 29.0
7450, 5616.0, 18976.0, 7186.0, 998.0, 31.0
7450, 5650.0, 17217.0, 6952.0, 711.0, 31.0
7451, 5616.0, 37641.0, 7322.0, 976.0, 64.0
7452, 5616.0, 17229.0, 7145.0, 856.0, 30.0
7453, 5615.0, 18393.0, 7168.0, 914.0, 31.0
7454, 5615.0, 16573.0, 7193.0, 817.0, 29.0
7455, 5614.0, 16345.0, 6942.0, 820.0, 29.0
7456, 5614.0, 15735.0, 6831.0, 766.0, 29.0
7457, 5613.0, 17030.0, 6954.0, 819.0, 30.0
7458, 5613.0, 17505.0, 6985.0, 830.0, 31.0
7459, 5612.0, 17932.0, 6766.0, 903.0, 31.0
7460, 5612.0, 16799.0, 6896.0, 798.0, 30.0
7461, 5612.0, 16750.0, 6912.0, 811.0, 30.0
7462, 5612.0, 16293.0, 6998.0, 833.0, 29.0
7463, 5612.0, 16552.0, 7116.0, 842.0, 29.0
7464, 5612.0, 16269.0, 7149.0, 779.0, 29.0
7465, 5611.0, 16725.0, 6929.0, 777.0, 30.0
7466, 5611.0, 16414.0, 7066.0, 805.0, 29.0
7467, 5611.0, 16350.0, 7052.0, 820.0, 29.0
7468, 5611.0, 16222.0, 7141.0, 776.0, 29.0
7469, 5611.0, 15735.0, 7246.0, 776.0, 28.0
7470, 5611.0, 20960.0, 7099.0, 762.0, 38.0
7471, 5610.0, 21923.0, 6985.0, 746.0, 40.0
7472, 5609.0, 20133.0, 6991.0, 867.0, 35.0
7473, 5609.0, 17970.0, 7096.0, 851.0, 31.0
7474, 5609.0, 16395.0, 7119.0, 803.0, 29.0
7475, 5609.0, 16276.0, 7176.0, 790.0, 29.0
7476, 5608.0, 16113.0, 6927.0, 785.0, 29.0
7477, 5608.0, 16278.0, 7062.0, 826.0, 29.0
7478, 5608.0, 16578.0, 7197.0, 843.0, 29.0
7479, 5607.0, 17380.0, 7043.0, 849.0, 30.0
7480, 5607.0, 17888.0, 6960.0, 870.0, 31.0
7481, 5607.0, 19274.0, 7069.0, 820.0, 34.0
7482, 5600.0, 22014.0, 6752.0, 774.0, 39.0
7483, 5606.0, 17470.0, 7243.0, 866.0, 30.0
7484, 5606.0, 16317.0, 7007.0, 805.0, 29.0
7485, 5606.0, 16289.0, 7106.0, 813.0, 29.0
7486, 5606.0, 16337.0, 7121.0, 798.0, 29.0
7487, 5606.0, 15607.0, 7093.0, 785.0, 28.0
7504, 5601.0, 16340.0, 7051.0, 820.0, 29.0
7505, 5600.0, 17353.0, 7014.0, 840.0, 30.0
7506, 5600.0, 16748.0, 7100.0, 852.0, 29.0
7507, 5599.0, 16457.0, 6921.0, 836.0, 29.0
7508, 5599.0, 18491.0, 7256.0, 1015.0, 30.0
7509, 5598.0, 21610.0, 7002.0, 884.0, 36.0
7510, 5598.0, 16738.0, 7225.0, 852.0, 29.0
7511, 5598.0, 17354.0, 7465.0, 929.0, 29.0
7512, 5598.0, 15666.0, 7167.0, 811.0, 28.0
7513, 5598.0, 16101.0, 7409.0, 819.0, 28.0
7514, 5597.0, 16038.0, 6939.0, 800.0, 29.0
7515, 5597.0, 15929.0, 7200.0, 844.0, 28.0
7516, 5596.0, 19910.0, 7310.0, 1047.0, 32.0
7517, 5596.0, 15983.0, 7183.0, 826.0, 28.0
7518, 5596.0, 16326.0, 7470.0, 841.0, 28.0
7519, 5595.0, 15785.0, 7097.0, 828.0, 28.0
7520, 5595.0, 15851.0, 7223.0, 836.0, 28.0
7521, 5594.0, 16223.0, 7076.0, 804.0, 29.0
7522, 5593.0, 16215.0, 6946.0, 841.0, 29.0
7523, 5593.0, 16288.0, 7173.0, 805.0, 29.0
7524, 5592.0, 16354.0, 7047.0, 843.0, 29.0
7525, 5592.0, 16104.0, 7121.0, 802.0, 29.0
7526, 5591.0, 15807.0, 7142.0, 811.0, 28.0
7527, 5590.0, 15562.0, 7001.0, 815.0, 28.0
7528, 5589.0, 17333.0, 6983.0, 888.0, 30.0
7529, 5589.0, 16849.0, 7299.0, 881.0, 29.0
7530, 5588.0, 15738.0, 7048.0, 818.0, 28.0
7531, 5588.0, 15965.0, 7240.0, 814.0, 28.0
7532, 5587.0, 16390.0, 7066.0, 814.0, 29.0
7533, 5586.0, 17231.0, 6751.0, 811.0, 31.0
7534, 5586.0, 15954.0, 6892.0, 793.0, 29.0
7535, 5585.0, 15981.0, 6804.0, 786.0, 29.0
7537, 5591.0, 8146.0, 6261.0, 513.0, 17.0
7548, 5586.0, 7588.0, 6183.0, 499.0, 16.0
7549, 5584.0, 9786.0, 6511.0, 559.0, 20.0
7551, 5582.0, 9800.0, 6543.0, 580.0, 20.0
7552, 5576.0, 15945.0, 6728.0, 796.0, 29.0
7553, 5575.0, 16666.0, 6790.0, 782.0, 30.0
7554, 5573.0, 19190.0, 6786.0, 1130.0, 31.0
7555, 5572.0, 21391.0, 6849.0, 1071.0, 34.0
7556, 5572.0, 18197.0, 6844.0, 949.0, 31.0
7557, 5571.0, 17703.0, 6671.0, 867.0, 31.0
7558, 5571.0, 22060.0, 6777.0, 888.0, 38.0
7559, 5569.0, 21484.0, 6950.0, 865.0, 37.0
7560, 5569.0, 18331.0, 6712.0, 887.0, 32.0
7561, 5569.0, 17676.0, 6734.0, 882.0, 31.0
7562, 5568.0, 16687.0, 6662.0, 812.0, 30.0
7563, 5566.0, 18338.0, 6743.0, 872.0, 32.0
7564, 5559.0, 26666.0, 6760.0, 1164.0, 41.0
7565, 5559.0, 23190.0, 6867.0, 1010.0, 38.0
7566, 5560.0, 21651.0, 6821.0, 868.0, 36.0
7567, 5558.0, 22150.0, 6813.0, 863.0, 37.0
7568, 5557.0, 22845.0, 6902.0, 885.0, 38.0
7569, 5556.0, 22367.0, 6709.0, 898.0, 38.0
7570, 5558.0, 21099.0, 6745.0, 839.0, 37.0
7571, 5556.0, 20897.0, 6820.0, 810.0, 37.0
7572, 5557.0, 20661.0, 6778.0, 848.0, 36.0
7573, 5564.0, 16260.0, 7078.0, 812.0, 29.0
7574, 5565.0, 15562.0, 7185.0, 795.0, 28.0
7575, 5567.0, 12649.0, 6647.0, 555.0, 25.0
7584, 5650.0, 11699.0, 6440.0, 553.0, 24.0
8115, 7404.0, 8810.0, 6403.0, 507.0, 18.0
8121, 7390.0, 8908.0, 6454.0, 503.0, 18.0
8122, 6885.0, 9699.0, 6364.0, 504.0, 20.0
8122, 7373.0, 29723.0, 6469.0, 543.0, 58.0
8123, 6885.0, 11748.0, 6460.0, 534.0, 24.0
8123, 7359.0, 15369.0, 6384.0, 532.0, 31.0
8123, 7412.0, 12268.0, 6427.0, 525.0, 25.0
8124, 6884.0, 11536.0, 6605.0, 539.0, 23.0
8124, 7349.0, 13634.0, 6583.0, 541.0, 27.0
8124, 7416.0, 10431.0, 6542.0, 523.0, 21.0
8125, 6883.0, 8733.0, 6366.0, 504.0, 18.0
8125, 7327.0, 19673.0, 6520.0, 534.0, 39.0
8125, 7413.0, 11288.0, 6472.0, 525.0, 23.0
8126, 7319.0, 21219.0, 6637.0, 584.0, 40.0
8126, 7411.0, 11502.0, 6579.0, 541.0, 23.0
8127, 7323.0, 14243.0, 6626.0, 545.0, 28.0
8127, 7410.0, 11586.0, 6655.0, 549.0, 23.0
8128, 7309.0, 16168.0, 6511.0, 542.0, 32.0
8128, 7409.0, 10293.0, 6469.0, 524.0, 21.0
8129, 7284.0, 22401.0, 6507.0, 532.0, 44.0
8129, 7407.0, 10768.0, 6449.0, 522.0, 22.0
8130, 7266.0, 17293.0, 6539.0, 541.0, 34.0
8130, 7405.0, 11324.0, 6476.0, 531.0, 23.0
8131, 7251.0, 17291.0, 6573.0, 557.0, 34.0
8131, 7405.0, 10726.0, 6430.0, 520.0, 22.0
8132, 7243.0, 14659.0, 6519.0, 550.0, 29.0
8132, 7405.0, 11338.0, 6489.0, 533.0, 23.0
8133, 7234.0, 13420.0, 6506.0, 534.0, 27.0
8133, 7405.0, 10751.0, 6448.0, 531.0, 22.0
8134, 7224.0, 13372.0, 6461.0, 532.0, 27.0
8135, 7213.0, 14442.0, 6483.0, 534.0, 29.0
8136, 7201.0, 14420.0, 6453.0, 539.0, 29.0
8137, 7191.0, 14114.0, 6570.0, 539.0, 28.0
8138, 7178.0, 15761.0, 6552.0, 548.0, 31.0
8139, 7167.0, 14764.0, 6576.0, 554.0, 29.0
8140, 7153.0, 16536.0, 6643.0, 556.0, 32.0
8141, 7120.0, 26309.0, 6402.0, 547.0, 53.0
8142, 7117.0, 46224.0, 7142.0, 1503.0, 67.0
8143, 7119.0, 23587.0, 6596.0, 868.0, 41.0
8144, 7132.0, 17273.0, 6681.0, 791.0, 31.0
8145, 7136.0, 17931.0, 6763.0, 798.0, 32.0
8146, 7140.0, 16919.0, 6637.0, 752.0, 31.0
8147, 7143.0, 15512.0, 6685.0, 717.0, 29.0
8148, 7145.0, 16721.0, 6914.0, 824.0, 30.0
8149, 7146.0, 20004.0, 6608.0, 917.0, 34.0
8150, 7150.0, 20691.0, 6456.0, 974.0, 35.0
8151, 7155.0, 20977.0, 6427.0, 905.0, 36.0
8152, 7162.0, 24450.0, 6770.0, 1027.0, 39.0
8153, 7167.0, 31961.0, 6605.0, 952.0, 49.0
8154, 7187.0, 26334.0, 6502.0, 783.0, 45.0
8155, 7201.0, 27257.0, 6573.0, 761.0, 47.0
8156, 7216.0, 35143.0, 6576.0, 819.0, 57.0
8157, 7236.0, 33787.0, 6459.0, 726.0, 58.0
8158, 7261.0, 27264.0, 6525.0, 745.0, 47.0
8159, 7280.0, 21729.0, 6444.0, 688.0, 40.0
8160, 7295.0, 21136.0, 6712.0, 679.0, 38.0
8161, 7306.0, 20071.0, 6708.0, 692.0, 36.0
8162, 7317.0, 19546.0, 6825.0, 716.0, 35.0
8163, 7323.0, 18162.0, 6684.0, 711.0, 33.0
8164, 7331.0, 17668.0, 6618.0, 675.0, 33.0
8165, 7339.0, 16395.0, 6644.0, 659.0, 31.0
8166, 7347.0, 16506.0, 6763.0, 655.0, 31.0
8167, 7354.0, 16384.0, 6620.0, 660.0, 31.0
8168, 7360.0, 16532.0, 6694.0, 668.0, 31.0
8169, 7368.0, 15490.0, 6842.0, 660.0, 29.0
8170, 7374.0, 15349.0, 6756.0, 648.0, 29.0
8171, 7380.0, 15730.0, 6683.0, 648.0, 30.0
8172, 7385.0, 16637.0, 6731.0, 683.0, 31.0
8173, 7391.0, 16764.0, 6553.0, 652.0, 32.0
8174, 7399.0, 16020.0, 6820.0, 652.0, 30.0
8175, 7405.0, 16978.0, 6644.0, 667.0, 32.0
8176, 7411.0, 16869.0, 6767.0, 709.0, 31.0
8177, 7417.0, 16037.0, 6775.0, 678.0, 30.0
8178, 7421.0, 16474.0, 6562.0, 670.0, 31.0
8179, 7426.0, 16371.0, 6777.0, 729.0, 30.0
8180, 7429.0, 15542.0, 6493.0, 635.0, 30.0
8181, 7435.0, 15242.0, 6695.0, 662.0, 29.0
8182, 7439.0, 15054.0, 6634.0, 646.0, 29.0
8183, 7444.0, 15353.0, 6835.0, 647.0, 29.0
8184, 7448.0, 15738.0, 6925.0, 686.0, 29.0
8185, 7452.0, 16457.0, 6922.0, 700.0, 30.0
8186, 7455.0, 17388.0, 6762.0, 778.0, 31.0
8187, 7459.0, 16363.0, 6517.0, 672.0, 31.0
8188, 7466.0, 16198.0, 6865.0, 698.0, 30.0
8189, 7470.0, 17528.0, 6671.0, 728.0, 32.0
8190, 7475.0, 17344.0, 6643.0, 704.0, 32.0
8191, 7482.0, 16501.0, 6931.0, 697.0, 30.0
8208, 7550.0, 16068.0, 6441.0, 644.0, 31.0
8209, 7556.0, 15661.0, 6599.0, 657.0, 30.0
8210, 7560.0, 16270.0, 6494.0, 677.0, 31.0
8211, 7566.0, 15151.0, 6685.0, 634.0, 29.0
8212, 7571.0, 15107.0, 6395.0, 606.0, 30.0
8213, 7577.0, 14300.0, 6620.0, 609.0, 28.0
8214, 7583.0, 13813.0, 6729.0, 607.0, 27.0
8215, 7587.0, 14169.0, 6543.0, 601.0, 28.0
8216, 7592.0, 14208.0, 6559.0, 596.0, 28.0
8217, 7597.0, 14506.0, 6733.0, 636.0, 28.0
8218, 7601.0, 14869.0, 6534.0, 617.0, 29.0
8219, 7606.0, 15277.0, 6729.0, 643.0, 29.0
8220, 7611.0, 15367.0, 6809.0, 630.0, 29.0
8221, 7616.0, 14920.0, 6562.0, 610.0, 29.0
8222, 7624.0, 12419.0, 6516.0, 537.0, 25.0
8233, 5560.0, 9229.0, 6365.0, 504.0, 19.0
8234, 3367.0, 11714.0, 6740.0, 571.0, 23.0
8255, 4872.0, 7615.0, 6143.0, 496.0, 16.0
