4812, 3787.0, 10246.0, 6416.0, 505.0, 21.0
4813, 3787.0, 9260.0, 6402.0, 503.0, 19.0
4814, 3785.0, 9236.0, 6377.0, 503.0, 19.0
4826, 3772.0, 8404.0, 6461.0, 509.0, 17.0
4827, 3771.0, 8899.0, 6483.0, 510.0, 18.0
4830, 3742.0, 13404.0, 6469.0, 515.0, 27.0
4831, 3737.0, 17857.0, 6632.0, 524.0, 35.0
4832, 3725.0, 10400.0, 6467.0, 509.0, 21.0
4832, 3758.0, 13521.0, 6545.0, 524.0, 27.0
4833, 3761.0, 14018.0, 6505.0, 524.0, 28.0
4834, 3770.0, 12436.0, 6568.0, 523.0, 25.0
4836, 3715.0, 9176.0, 6344.0, 499.0, 19.0
4850, 3717.0, 8223.0, 6335.0, 500.0, 17.0
4852, 3739.0, 8300.0, 6390.0, 502.0, 17.0
4853, 3735.0, 10917.0, 6503.0, 523.0, 22.0
4855, 3718.0, 8146.0, 6259.0, 492.0, 17.0
4856, 3715.0, 18285.0, 6451.0, 522.0, 37.0
4857, 3716.0, 11338.0, 6435.0, 519.0, 23.0
4857, 7149.0, 10745.0, 6387.0, 511.0, 22.0
4858, 7149.0, 10187.0, 6371.0, 509.0, 21.0
4859, 3719.0, 15593.0, 6502.0, 529.0, 31.0
4860, 3719.0, 13632.0, 6325.0, 505.0, 28.0
4861, 3721.0, 11213.0, 6364.0, 501.0, 23.0
4862, 3721.0, 11157.0, 6350.0, 506.0, 23.0
4863, 3720.0, 12439.0, 6510.0, 535.0, 25.0
4864, 3721.0, 11560.0, 6616.0, 535.0, 23.0
4865, 3720.0, 12656.0, 6624.0, 543.0, 25.0
4866, 3720.0, 12114.0, 6610.0, 532.0, 24.0
4867, 3720.0, 10930.0, 6504.0, 514.0, 22.0
4868, 3719.0, 11919.0, 6457.0, 508.0, 24.0
4868, 6143.0, 12080.0, 6637.0, 552.0, 24.0
4869, 3718.0, 13005.0, 6513.0, 511.0, 26.0
4870, 3716.0, 14625.0, 6362.0, 503.0, 30.0
4872, 3716.0, 9527.0, 6505.0, 511.0, 19.0
4873, 3723.0, 9444.0, 6540.0, 510.0, 19.0
4874, 3722.0, 10909.0, 6527.0, 513.0, 22.0
4875, 3710.0, 17584.0, 6493.0, 521.0, 35.0
4876, 3711.0, 12880.0, 6457.0, 508.0, 26.0
4878, 3705.0, 13931.0, 6474.0, 515.0, 28.0
4881, 3704.0, 12332.0, 6441.0, 506.0, 25.0
4883, 3700.0, 15400.0, 6414.0, 524.0, 31.0
4885, 3697.0, 12860.0, 6445.0, 508.0, 26.0
4885, 3895.0, 11873.0, 6472.0, 518.0, 24.0
4886, 3696.0, 10978.0, 6522.0, 513.0, 22.0
4887, 3693.0, 12222.0, 6370.0, 504.0, 25.0
4888, 3691.0, 13026.0, 6562.0, 529.0, 26.0
4889, 3690.0, 13125.0, 6611.0, 535.0, 26.0
4890, 3689.0, 12061.0, 6622.0, 531.0, 24.0
4891, 3684.0, 13662.0, 6584.0, 541.0, 27.0
4892, 3683.0, 13873.0, 6670.0, 558.0, 27.0
4893, 3684.0, 12218.0, 6686.0, 545.0, 24.0
4894, 3683.0, 11524.0, 6593.0, 533.0, 23.0
4895, 3682.0, 11604.0, 6651.0, 535.0, 23.0
4896, 3679.0, 11923.0, 6529.0, 531.0, 24.0
4897, 3678.0, 11356.0, 6485.0, 524.0, 23.0
4898, 3676.0, 11660.0, 6373.0, 517.0, 24.0
4899, 3675.0, 11420.0, 6520.0, 527.0, 23.0
4900, 3674.0, 11375.0, 6503.0, 523.0, 23.0
4901, 3672.0, 11757.0, 6429.0, 523.0, 24.0
4902, 3671.0, 12401.0, 6542.0, 535.0, 25.0
4903, 3670.0, 11886.0, 6497.0, 527.0, 24.0
4904, 3671.0, 9725.0, 6407.0, 507.0, 20.0
4906, 3669.0, 7868.0, 6422.0, 504.0, 16.0
4907, 3667.0, 9278.0, 6401.0, 505.0, 19.0
4914, 3659.0, 7693.0, 6288.0, 494.0, 16.0
4916, 3654.0, 9790.0, 6431.0, 509.0, 20.0
4917, 3654.0, 8776.0, 6393.0, 503.0, 18.0
4918, 3653.0, 7720.0, 6302.0, 495.0, 16.0
4919, 3647.0, 11334.0, 6472.0, 516.0, 23.0
4920, 3645.0, 12257.0, 6408.0, 522.0, 25.0
4921, 3648.0, 9170.0, 6339.0, 500.0, 19.0
4922, 3646.0, 8682.0, 6306.0, 498.0, 18.0
4923, 3646.0, 8318.0, 6406.0, 504.0, 17.0
4925, 3644.0, 7666.0, 6262.0, 493.0, 16.0
4929, 3637.0, 7848.0, 6400.0, 504.0, 16.0
4933, 3633.0, 7792.0, 6371.0, 500.0, 16.0
4934, 3630.0, 9270.0, 6400.0, 504.0, 19.0
4937, 3626.0, 9355.0, 6463.0, 509.0, 19.0
4938, 3624.0, 10236.0, 6404.0, 509.0, 21.0
4939, 3624.0, 8209.0, 6331.0, 497.0, 17.0
4942, 3619.0, 13309.0, 6408.0, 506.0, 27.0
4943, 3617.0, 15429.0, 6459.0, 518.0, 31.0
4944, 3615.0, 12405.0, 6504.0, 525.0, 25.0
4945, 3613.0, 11963.0, 6528.0, 532.0, 24.0
4946, 3613.0, 10294.0, 6450.0, 515.0, 21.0
4947, 3613.0, 8143.0, 6275.0, 496.0, 17.0
4951, 3606.0, 10357.0, 6479.0, 516.0, 21.0
4952, 3604.0, 10944.0, 6525.0, 523.0, 22.0
4953, 3604.0, 10331.0, 6471.0, 514.0, 21.0
4958, 3594.0, 11201.0, 6410.0, 513.0, 23.0
4959, 3595.0, 9331.0, 6436.0, 508.0, 19.0
4970, 3580.0, 9254.0, 6388.0, 504.0, 19.0
4971, 3577.0, 10656.0, 6371.0, 510.0, 22.0
4972, 3561.0, 19163.0, 6459.0, 538.0, 38.0
4973, 3569.0, 18782.0, 6626.0, 587.0, 36.0
4974, 3572.0, 19689.0, 6561.0, 538.0, 39.0
4975, 3572.0, 20906.0, 6523.0, 525.0, 42.0
4992, 3548.0, 16913.0, 6656.0, 540.0, 33.0
4993, 3546.0, 15182.0, 6573.0, 537.0, 30.0
4994, 3545.0, 15380.0, 6668.0, 548.0, 30.0
4995, 3543.0, 14988.0, 6678.0, 557.0, 29.0
4996, 3541.0, 14351.0, 6654.0, 566.0, 28.0
4997, 3540.0, 13846.0, 6681.0, 567.0, 27.0
4998, 3539.0, 13039.0, 6603.0, 558.0, 26.0
4999, 3537.0, 13242.0, 6701.0, 568.0, 26.0
5000, 3536.0, 12809.0, 6763.0, 566.0, 25.0
5001, 3535.0, 11326.0, 6495.0, 530.0, 23.0
5002, 3534.0, 11332.0, 6493.0, 528.0, 23.0
5003, 3533.0, 10891.0, 6505.0, 524.0, 22.0
5004, 3531.0, 10855.0, 6472.0, 521.0, 22.0
5005, 3530.0, 10757.0, 6430.0, 520.0, 22.0
5006, 3529.0, 10284.0, 6440.0, 516.0, 21.0
5007, 3527.0, 10911.0, 6517.0, 523.0, 22.0
5008, 3526.0, 11208.0, 6705.0, 539.0, 22.0
5009, 3525.0, 10958.0, 6579.0, 531.0, 22.0
5010, 3523.0, 10967.0, 6558.0, 529.0, 22.0
5010, 7480.0, 10449.0, 6576.0, 541.0, 21.0
5011, 3521.0, 11373.0, 6481.0, 525.0, 23.0
5012, 3519.0, 12010.0, 6560.0, 538.0, 24.0
5013, 3518.0, 12618.0, 6672.0, 560.0, 25.0
5014, 3518.0, 11325.0, 6498.0, 527.0, 23.0
5015, 3516.0, 11601.0, 6644.0, 539.0, 23.0
5016, 3515.0, 10978.0, 6580.0, 533.0, 22.0
5017, 3513.0, 11449.0, 6536.0, 530.0, 23.0
5018, 3512.0, 11397.0, 6523.0, 527.0, 23.0
5019, 3511.0, 11538.0, 6601.0, 533.0, 23.0
5020, 3510.0, 10916.0, 6542.0, 526.0, 22.0
5021, 3508.0, 11460.0, 6549.0, 529.0, 23.0
5022, 3507.0, 11339.0, 6497.0, 523.0, 23.0
5023, 3505.0, 11415.0, 6519.0, 532.0, 23.0
5024, 3504.0, 10958.0, 6542.0, 530.0, 22.0
5025, 3503.0, 11089.0, 6646.0, 532.0, 22.0
5026, 3501.0, 11244.0, 6409.0, 521.0, 23.0
5027, 3500.0, 10708.0, 6395.0, 520.0, 22.0
5028, 3499.0, 10802.0, 6458.0, 519.0, 22.0
5029, 3498.0, 10959.0, 6569.0, 529.0, 22.0
5030, 3495.0, 12256.0, 6695.0, 544.0, 24.0
5031, 3494.0, 12691.0, 6690.0, 559.0, 25.0
5032, 3493.0, 11509.0, 6563.0, 532.0, 23.0
5033, 3492.0, 10902.0, 6528.0, 529.0, 22.0
5034, 3491.0, 10990.0, 6572.0, 531.0, 22.0
5035, 3489.0, 11435.0, 6543.0, 532.0, 23.0
5036, 3487.0, 11902.0, 6498.0, 534.0, 24.0
5037, 3486.0, 11485.0, 6558.0, 535.0, 23.0
5038, 3485.0, 11840.0, 6770.0, 554.0, 23.0
5039, 3484.0, 11527.0, 6607.0, 538.0, 23.0
5040, 3482.0, 11432.0, 6523.0, 530.0, 23.0
5041, 3482.0, 11201.0, 6696.0, 539.0, 22.0
5042, 3480.0, 10954.0, 6535.0, 529.0, 22.0
5043, 3479.0, 10982.0, 6571.0, 528.0, 22.0
5044, 3478.0, 10843.0, 6501.0, 523.0, 22.0
5045, 3476.0, 11312.0, 6466.0, 523.0, 23.0
5046, 3475.0, 10773.0, 6440.0, 520.0, 22.0
5046, 3500.0, 9747.0, 6387.0, 504.0, 20.0
5047, 3474.0, 11014.0, 6601.0, 529.0, 22.0
5047, 3499.0, 14240.0, 6624.0, 539.0, 28.0
5048, 3472.0, 11431.0, 6536.0, 529.0, 23.0
5049, 3470.0, 12143.0, 6639.0, 541.0, 24.0
5050, 3469.0, 11287.0, 6455.0, 523.0, 23.0
5051, 3468.0, 11294.0, 6443.0, 521.0, 23.0
5051, 3508.0, 10804.0, 6456.0, 510.0, 22.0
5052, 3467.0, 10905.0, 6515.0, 526.0, 22.0
5052, 3497.0, 15091.0, 6507.0, 537.0, 30.0
5053, 3465.0, 11455.0, 6542.0, 529.0, 23.0
5053, 3491.0, 15211.0, 6595.0, 540.0, 30.0
5054, 3464.0, 24083.0, 6717.0, 550.0, 47.0
5055, 3463.0, 20255.0, 6559.0, 530.0, 40.0
5056, 3462.0, 16682.0, 6374.0, 516.0, 34.0
5057, 3460.0, 15437.0, 6464.0, 531.0, 31.0
5058, 3458.0, 14626.0, 6547.0, 553.0, 29.0
5059, 3456.0, 14203.0, 6564.0, 565.0, 28.0
5060, 3453.0, 14017.0, 6500.0, 561.0, 28.0
5061, 3449.0, 14832.0, 6350.0, 553.0, 30.0
5062, 3446.0, 15366.0, 6398.0, 529.0, 31.0
5063, 3444.0, 15306.0, 6411.0, 521.0, 31.0
5064, 3443.0, 15361.0, 6434.0, 521.0, 31.0
5065, 3442.0, 14782.0, 6373.0, 521.0, 30.0
5066, 3441.0, 15408.0, 6420.0, 527.0, 31.0
5067, 3440.0, 14546.0, 6263.0, 518.0, 30.0
5068, 3439.0, 14977.0, 6432.0, 546.0, 30.0
5069, 3439.0, 15158.0, 6519.0, 557.0, 30.0
5070, 3438.0, 14435.0, 6445.0, 559.0, 29.0
5071, 3437.0, 14800.0, 6621.0, 590.0, 29.0
5072, 3438.0, 13092.0, 6624.0, 571.0, 26.0
5073, 3437.0, 13291.0, 6435.0, 558.0, 27.0
5074, 3437.0, 12378.0, 6481.0, 539.0, 25.0
5075, 3436.0, 11319.0, 6475.0, 527.0, 23.0
5076, 3435.0, 11489.0, 6317.0, 518.0, 24.0
5077, 3434.0, 11156.0, 6401.0, 523.0, 23.0
5078, 3433.0, 11292.0, 6457.0, 520.0, 23.0
5079, 3431.0, 10596.0, 6333.0, 510.0, 22.0
5080, 3430.0, 10755.0, 6432.0, 518.0, 22.0
5081, 3427.0, 12463.0, 6475.0, 534.0, 25.0
5082, 3425.0, 18663.0, 6653.0, 590.0, 36.0
5083, 3425.0, 14740.0, 6627.0, 570.0, 29.0
5084, 3424.0, 11248.0, 6426.0, 524.0, 23.0
5085, 3424.0, 10938.0, 6557.0, 531.0, 22.0
5086, 3422.0, 10727.0, 6405.0, 519.0, 22.0
5087, 3421.0, 10867.0, 6504.0, 522.0, 22.0
5088, 3419.0, 11364.0, 6478.0, 526.0, 23.0
5089, 3418.0, 11457.0, 6543.0, 526.0, 23.0
5090, 3417.0, 11484.0, 6564.0, 529.0, 23.0
5091, 3416.0, 11156.0, 6675.0, 533.0, 22.0
5092, 3414.0, 11392.0, 6505.0, 527.0, 23.0
5093, 3413.0, 11505.0, 6574.0, 531.0, 23.0
5094, 3412.0, 11015.0, 6591.0, 530.0, 22.0
5095, 3410.0, 11626.0, 6652.0, 538.0, 23.0
5096, 3409.0, 11710.0, 6692.0, 537.0, 23.0
5097, 3407.0, 11228.0, 6408.0, 519.0, 23.0
5098, 3406.0, 11466.0, 6557.0, 530.0, 23.0
5099, 3405.0, 10977.0, 6566.0, 531.0, 22.0
5100, 3403.0, 11536.0, 6571.0, 532.0, 23.0
5101, 3402.0, 10919.0, 6523.0, 527.0, 22.0
5102, 3401.0, 10821.0, 6463.0, 519.0, 22.0
5103, 3399.0, 11273.0, 6433.0, 522.0, 23.0
5120, 3377.0, 10238.0, 6418.0, 517.0, 21.0
5121, 3375.0, 10805.0, 6454.0, 519.0, 22.0
5122, 3374.0, 10720.0, 6419.0, 517.0, 22.0
5123, 3372.0, 10866.0, 6480.0, 523.0, 22.0
5124, 3371.0, 10939.0, 6547.0, 524.0, 22.0
5125, 3370.0, 11057.0, 6634.0, 534.0, 22.0
5126, 3368.0, 10927.0, 6527.0, 527.0, 22.0
5127, 3366.0, 11368.0, 6484.0, 526.0, 23.0
5128, 3365.0, 11477.0, 6560.0, 530.0, 23.0
5129, 3363.0, 12052.0, 6592.0, 539.0, 24.0
5130, 3361.0, 13071.0, 6624.0, 562.0, 26.0
5131, 3360.0, 12587.0, 6598.0, 548.0, 25.0
5132, 3360.0, 10697.0, 6409.0, 514.0, 22.0
5133, 3358.0, 11450.0, 6554.0, 535.0, 23.0
5134, 3357.0, 11430.0, 6548.0, 530.0, 23.0
5135, 3356.0, 10866.0, 6491.0, 523.0, 22.0
5136, 3355.0, 10783.0, 6456.0, 521.0, 22.0
5137, 3352.0, 12295.0, 6447.0, 533.0, 25.0
5138, 3351.0, 12218.0, 6401.0, 527.0, 25.0
5139, 3351.0, 10641.0, 6386.0, 515.0, 22.0
5140, 3349.0, 11823.0, 6491.0, 531.0, 24.0
5141, 3348.0, 11200.0, 6409.0, 522.0, 23.0
5142, 3347.0, 10881.0, 6515.0, 524.0, 22.0
5143, 3345.0, 11150.0, 6379.0, 517.0, 23.0
5144, 3344.0, 10693.0, 6396.0, 516.0, 22.0
5145, 3343.0, 11412.0, 6529.0, 524.0, 23.0
5146, 3341.0, 11497.0, 6574.0, 534.0, 23.0
5147, 3340.0, 11279.0, 6439.0, 519.0, 23.0
5147, 3434.0, 9167.0, 6351.0, 512.0, 19.0
5148, 3339.0, 10904.0, 6521.0, 526.0, 22.0
5149, 3337.0, 10896.0, 6502.0, 522.0, 22.0
5150, 3336.0, 11315.0, 6467.0, 522.0, 23.0
5151, 3335.0, 10888.0, 6515.0, 525.0, 22.0
5152, 3333.0, 11075.0, 6332.0, 514.0, 23.0
5153, 3331.0, 11134.0, 6356.0, 515.0, 23.0
5154, 3329.0, 12874.0, 6488.0, 548.0, 26.0
5155, 3327.0, 15984.0, 6526.0, 586.0, 31.0
5156, 3327.0, 13924.0, 6455.0, 549.0, 28.0
5156, 4741.0, 12285.0, 6417.0, 548.0, 25.0
5157, 3327.0, 11311.0, 6483.0, 528.0, 23.0
5158, 3325.0, 11271.0, 6436.0, 517.0, 23.0
5159, 3324.0, 10864.0, 6493.0, 524.0, 22.0
5160, 3323.0, 10842.0, 6489.0, 523.0, 22.0
5161, 3321.0, 10906.0, 6229.0, 505.0, 23.0
5162, 3320.0, 10669.0, 6365.0, 513.0, 22.0
5163, 3319.0, 10627.0, 6339.0, 510.0, 22.0
5164, 3317.0, 10437.0, 6230.0, 504.0, 22.0
5165, 3316.0, 11007.0, 6286.0, 508.0, 23.0
5166, 3314.0, 11382.0, 6227.0, 509.0, 24.0
5167, 3314.0, 10541.0, 6296.0, 508.0, 22.0
5168, 3312.0, 10619.0, 6352.0, 513.0, 22.0
5169, 3309.0, 12913.0, 6470.0, 552.0, 26.0
5170, 3308.0, 13598.0, 6546.0, 567.0, 27.0
5171, 3308.0, 11188.0, 6394.0, 521.0, 23.0
5172, 3307.0, 10660.0, 6389.0, 515.0, 22.0
5173, 3304.0, 12263.0, 6441.0, 540.0, 25.0
5174, 3304.0, 11199.0, 6421.0, 521.0, 23.0
5175, 3303.0, 11151.0, 6379.0, 514.0, 23.0
5176, 3302.0, 10620.0, 6365.0, 514.0, 22.0
5177, 3300.0, 10650.0, 6373.0, 517.0, 22.0
5178, 3298.0, 11826.0, 6462.0, 534.0, 24.0
5179, 3297.0, 20710.0, 6420.0, 524.0, 42.0
5180, 3295.0, 22045.0, 6358.0, 526.0, 44.0
5181, 3294.0, 14546.0, 6509.0, 548.0, 29.0
5182, 3293.0, 11217.0, 6408.0, 524.0, 23.0
5183, 3292.0, 10851.0, 6485.0, 524.0, 22.0
5184, 3291.0, 10852.0, 6506.0, 524.0, 22.0
5185, 3290.0, 10806.0, 6481.0, 520.0, 22.0
5186, 3288.0, 10934.0, 6540.0, 527.0, 22.0
5187, 3287.0, 10875.0, 6508.0, 522.0, 22.0
5188, 3285.0, 11278.0, 6460.0, 521.0, 23.0
5189, 3284.0, 10735.0, 6431.0, 521.0, 22.0
5190, 3282.0, 11285.0, 6448.0, 526.0, 23.0
5191, 3281.0, 10798.0, 6450.0, 522.0, 22.0
5192, 3280.0, 10793.0, 6464.0, 522.0, 22.0
5193, 3278.0, 11177.0, 6392.0, 522.0, 23.0
5194, 3276.0, 11756.0, 6425.0, 527.0, 24.0
5195, 3275.0, 11831.0, 6484.0, 530.0, 24.0
5196, 3271.0, 13731.0, 6616.0, 568.0, 27.0
5197, 3272.0, 12295.0, 6481.0, 543.0, 25.0
5198, 3272.0, 10904.0, 6533.0, 525.0, 22.0
5199, 3270.0, 11321.0, 6483.0, 526.0, 23.0
5216, 3247.0, 11465.0, 6556.0, 531.0, 23.0
5217, 3245.0, 11253.0, 6410.0, 520.0, 23.0
5218, 3244.0, 11504.0, 6573.0, 531.0, 23.0
5219, 3243.0, 10988.0, 6577.0, 529.0, 22.0
5220, 3242.0, 10959.0, 6565.0, 531.0, 22.0
5221, 3240.0, 11386.0, 6510.0, 526.0, 23.0
5222, 3239.0, 10935.0, 6527.0, 527.0, 22.0
5223, 3238.0, 11047.0, 6603.0, 531.0, 22.0
5224, 3236.0, 10929.0, 6527.0, 527.0, 22.0
5225, 3235.0, 11383.0, 6511.0, 529.0, 23.0
5226, 3233.0, 11168.0, 6394.0, 522.0, 23.0
5227, 3232.0, 11312.0, 6466.0, 524.0, 23.0
5228, 3231.0, 11411.0, 6541.0, 529.0, 23.0
5229, 3229.0, 11424.0, 6523.0, 532.0, 23.0
5230, 3228.0, 11579.0, 6629.0, 536.0, 23.0
5231, 3227.0, 10899.0, 6526.0, 526.0, 22.0
5245, 3211.0, 7802.0, 6397.0, 507.0, 16.0
5247, 3205.0, 11497.0, 6585.0, 531.0, 23.0
5248, 3203.0, 11260.0, 6429.0, 526.0, 23.0
5249, 3202.0, 10869.0, 6493.0, 524.0, 22.0
5250, 3200.0, 11397.0, 6510.0, 525.0, 23.0
5299, 7088.0, 13686.0, 6615.0, 526.0, 27.0
5300, 7064.0, 29592.0, 6466.0, 607.0, 55.0
5301, 7033.0, 44704.0, 6468.0, 622.0, 81.0
5302, 7011.0, 41732.0, 6477.0, 626.0, 76.0
5303, 6984.0, 42062.0, 6469.0, 586.0, 78.0
5304, 6959.0, 38968.0, 6493.0, 602.0, 72.0
5305, 6934.0, 38654.0, 6532.0, 582.0, 72.0
5306, 6906.0, 35233.0, 6321.0, 561.0, 68.0
5307, 6881.0, 32952.0, 6557.0, 574.0, 62.0
5308, 6853.0, 35600.0, 6519.0, 576.0, 67.0
5309, 6823.0, 43207.0, 6375.0, 582.0, 81.0
5310, 6794.0, 37965.0, 6402.0, 574.0, 72.0
5311, 6759.0, 46510.0, 6402.0, 584.0, 87.0
5312, 6730.0, 43652.0, 6643.0, 600.0, 80.0
5313, 6692.0, 49805.0, 6699.0, 597.0, 90.0
5314, 6662.0, 48381.0, 6718.0, 631.0, 86.0
5315, 6625.0, 52201.0, 6768.0, 624.0, 92.0
5316, 6593.0, 48184.0, 6586.0, 645.0, 87.0
5317, 6559.0, 52209.0, 6710.0, 598.0, 95.0
5318, 6523.0, 51444.0, 6765.0, 615.0, 91.0
5319, 6504.0, 40131.0, 6889.0, 620.0, 71.0
5320, 6504.0, 20323.0, 6815.0, 584.0, 38.0
5413, 7128.0, 8216.0, 6324.0, 501.0, 17.0
5449, 4827.0, 10302.0, 6435.0, 511.0, 21.0
5450, 4825.0, 20010.0, 6525.0, 611.0, 38.0
5451, 4833.0, 22557.0, 6524.0, 579.0, 43.0
5451, 5015.0, 10898.0, 6507.0, 529.0, 22.0
5452, 4856.0, 25263.0, 6457.0, 589.0, 48.0
5452, 5014.0, 11833.0, 6473.0, 519.0, 24.0
5453, 4872.0, 25470.0, 6584.0, 573.0, 49.0
5453, 5012.0, 10211.0, 6403.0, 513.0, 21.0
5454, 4890.0, 24554.0, 6595.0, 580.0, 47.0
5454, 5010.0, 10342.0, 6497.0, 524.0, 21.0
5455, 4927.0, 17462.0, 6573.0, 562.0, 34.0
5455, 5011.0, 10290.0, 6457.0, 517.0, 21.0
5456, 4936.0, 21005.0, 6418.0, 565.0, 41.0
5456, 5010.0, 9521.0, 6264.0, 496.0, 20.0
5457, 4952.0, 20607.0, 6355.0, 587.0, 40.0
5457, 5007.0, 11031.0, 6307.0, 514.0, 23.0
5458, 4968.0, 32196.0, 6543.0, 566.0, 62.0
5459, 4983.0, 23970.0, 6320.0, 609.0, 46.0
5460, 5001.0, 22666.0, 6284.0, 525.0, 46.0
5461, 5025.0, 22062.0, 6384.0, 535.0, 44.0
5462, 5044.0, 23594.0, 6448.0, 547.0, 46.0
5463, 5064.0, 22099.0, 6404.0, 529.0, 44.0
5464, 5087.0, 30083.0, 6381.0, 534.0, 60.0
5465, 5108.0, 26384.0, 6420.0, 727.0, 47.0
5466, 5122.0, 23796.0, 6481.0, 670.0, 44.0
5467, 5120.0, 32143.0, 6477.0, 627.0, 61.0
5468, 5133.0, 12884.0, 6476.0, 538.0, 26.0
5468, 5161.0, 22390.0, 6437.0, 545.0, 44.0
5469, 5178.0, 22407.0, 6437.0, 536.0, 44.0
5470, 5202.0, 21632.0, 6368.0, 534.0, 43.0
5471, 5217.0, 25411.0, 6399.0, 533.0, 50.0
5472, 5243.0, 21682.0, 6633.0, 578.0, 41.0
5473, 5253.0, 29839.0, 6470.0, 539.0, 58.0
5474, 5281.0, 23723.0, 6582.0, 580.0, 45.0
5475, 5305.0, 19041.0, 6620.0, 536.0, 37.0
5476, 5323.0, 20667.0, 6569.0, 554.0, 40.0
5476, 7797.0, 12612.0, 6632.0, 547.0, 25.0
5477, 5339.0, 23360.0, 6605.0, 543.0, 45.0
5477, 7793.0, 12782.0, 6710.0, 556.0, 25.0
5478, 5362.0, 21383.0, 6609.0, 562.0, 41.0
5478, 7788.0, 13132.0, 6575.0, 550.0, 26.0
5479, 5059.0, 10409.0, 6500.0, 514.0, 21.0
5479, 5380.0, 21964.0, 6583.0, 573.0, 42.0
5479, 7784.0, 13746.0, 6665.0, 558.0, 27.0
5480, 5057.0, 15699.0, 6577.0, 538.0, 31.0
5480, 5392.0, 25931.0, 6613.0, 543.0, 50.0
5480, 7780.0, 13747.0, 6642.0, 554.0, 27.0
5481, 5072.0, 20431.0, 6632.0, 555.0, 40.0
5481, 5391.0, 13173.0, 6599.0, 524.0, 26.0
5481, 5419.0, 22739.0, 6687.0, 563.0, 43.0
5481, 7776.0, 13844.0, 6686.0, 558.0, 27.0
5482, 5392.0, 11516.0, 6563.0, 525.0, 23.0
5482, 5434.0, 30061.0, 6561.0, 597.0, 56.0
5482, 7772.0, 13322.0, 6733.0, 561.0, 26.0
5483, 5456.0, 25644.0, 6666.0, 613.0, 47.0
5483, 7768.0, 13857.0, 6700.0, 565.0, 27.0
5484, 5469.0, 31561.0, 6518.0, 633.0, 58.0
5484, 7764.0, 12980.0, 6529.0, 540.0, 26.0
5485, 5474.0, 35145.0, 6619.0, 694.0, 62.0
5485, 7759.0, 13766.0, 6655.0, 553.0, 27.0
5486, 4703.0, 11842.0, 6503.0, 548.0, 24.0
5486, 5480.0, 42591.0, 6498.0, 649.0, 79.0
5486, 7755.0, 13563.0, 6540.0, 562.0, 27.0
5487, 4703.0, 11528.0, 6623.0, 546.0, 23.0
5487, 5506.0, 35099.0, 6583.0, 639.0, 65.0
5487, 7750.0, 14902.0, 6628.0, 577.0, 29.0
5488, 4698.0, 14124.0, 6550.0, 560.0, 28.0
5488, 5517.0, 11990.0, 6559.0, 530.0, 24.0
5488, 5548.0, 19960.0, 6519.0, 539.0, 39.0
5488, 7747.0, 14278.0, 6637.0, 571.0, 28.0
5489, 4700.0, 12537.0, 6584.0, 555.0, 25.0
5489, 5522.0, 12396.0, 6491.0, 525.0, 25.0
5489, 5566.0, 22865.0, 6540.0, 570.0, 44.0
5489, 7743.0, 13612.0, 6581.0, 553.0, 27.0
5490, 5528.0, 12540.0, 6553.0, 527.0, 25.0
5490, 5586.0, 23330.0, 6584.0, 545.0, 45.0
5490, 7739.0, 13126.0, 6603.0, 544.0, 26.0
5491, 5535.0, 13270.0, 6418.0, 518.0, 27.0
5491, 5605.0, 21303.0, 6438.0, 537.0, 42.0
5491, 7735.0, 12853.0, 6464.0, 538.0, 26.0
5492, 5543.0, 15361.0, 6406.0, 521.0, 31.0
5492, 5624.0, 22357.0, 6390.0, 549.0, 44.0
5492, 7729.0, 13945.0, 6474.0, 543.0, 28.0
5493, 5556.0, 11757.0, 6442.0, 516.0, 24.0
5493, 5642.0, 22187.0, 6440.0, 562.0, 43.0
5493, 7721.0, 17064.0, 6526.0, 593.0, 33.0
5494, 5558.0, 10662.0, 6370.0, 512.0, 22.0
5494, 5658.0, 19904.0, 6431.0, 554.0, 39.0
5494, 7713.0, 18422.0, 6446.0, 561.0, 36.0
5495, 5557.0, 10870.0, 6508.0, 521.0, 22.0
5495, 5675.0, 24047.0, 6549.0, 568.0, 46.0
5495, 7712.0, 17095.0, 6600.0, 570.0, 33.0
5496, 5539.0, 18701.0, 6518.0, 533.0, 37.0
5496, 5692.0, 25356.0, 6699.0, 562.0, 48.0
5496, 7714.0, 13768.0, 6666.0, 551.0, 27.0
5497, 5536.0, 18295.0, 6668.0, 594.0, 35.0
5497, 5713.0, 23070.0, 6483.0, 541.0, 45.0
5497, 7710.0, 13007.0, 6522.0, 541.0, 26.0
5498, 5686.0, 13041.0, 6544.0, 531.0, 26.0
5498, 5732.0, 24978.0, 6545.0, 568.0, 48.0
5498, 7706.0, 13050.0, 6551.0, 544.0, 26.0
5499, 5696.0, 14645.0, 6573.0, 519.0, 29.0
5499, 5752.0, 23330.0, 6569.0, 602.0, 44.0
5499, 7134.0, 11426.0, 6522.0, 518.0, 23.0
5499, 7702.0, 13082.0, 6577.0, 543.0, 26.0
5500, 5705.0, 15149.0, 6491.0, 549.0, 30.0
5500, 5763.0, 26191.0, 6607.0, 573.0, 50.0
5500, 7698.0, 13028.0, 6568.0, 547.0, 26.0
5501, 5789.0, 22237.0, 6442.0, 534.0, 44.0
5501, 7694.0, 12870.0, 6509.0, 536.0, 26.0
5502, 5809.0, 23173.0, 6495.0, 547.0, 45.0
5502, 7690.0, 12892.0, 6488.0, 537.0, 26.0
5503, 5828.0, 23620.0, 6459.0, 543.0, 46.0
5503, 7685.0, 12901.0, 6505.0, 537.0, 26.0
5504, 5844.0, 26344.0, 6702.0, 584.0, 49.0
5504, 7678.0, 16472.0, 6811.0, 603.0, 31.0
5505, 5866.0, 21709.0, 6555.0, 553.0, 42.0
5505, 7619.0, 8817.0, 6433.0, 505.0, 18.0
5505, 7673.0, 16955.0, 6668.0, 643.0, 32.0
5506, 5884.0, 27726.0, 6706.0, 568.0, 52.0
5506, 7609.0, 14444.0, 6708.0, 545.0, 28.0
5506, 7669.0, 19010.0, 6873.0, 697.0, 34.0
5507, 5904.0, 25287.0, 6623.0, 570.0, 48.0
5507, 7666.0, 17638.0, 6866.0, 672.0, 32.0
5508, 5923.0, 23721.0, 6689.0, 554.0, 45.0
5508, 7662.0, 17288.0, 6793.0, 649.0, 32.0
5509, 5945.0, 23619.0, 6650.0, 553.0, 45.0
5509, 7657.0, 18435.0, 6810.0, 639.0, 34.0
5510, 5965.0, 23539.0, 6647.0, 552.0, 45.0
5510, 7652.0, 19669.0, 6749.0, 652.0, 36.0
5511, 5984.0, 24443.0, 6577.0, 552.0, 47.0
5511, 7647.0, 21016.0, 6672.0, 616.0, 39.0
5512, 6004.0, 23741.0, 6633.0, 563.0, 45.0
5512, 7643.0, 20124.0, 6784.0, 637.0, 37.0
5513, 6025.0, 24349.0, 6696.0, 560.0, 46.0
5513, 7637.0, 22305.0, 6705.0, 609.0, 41.0
5514, 6042.0, 28310.0, 6519.0, 554.0, 54.0
5514, 7631.0, 18502.0, 6656.0, 585.0, 35.0
5515, 6065.0, 25805.0, 6638.0, 558.0, 49.0
5515, 7628.0, 17872.0, 6689.0, 587.0, 34.0
5516, 6087.0, 29877.0, 6711.0, 590.0, 55.0
5516, 6203.0, 12772.0, 6674.0, 552.0, 25.0
5516, 7624.0, 18104.0, 6699.0, 608.0, 34.0
5517, 6102.0, 76333.0, 6694.0, 639.0, 139.0
5517, 7621.0, 18414.0, 6769.0, 629.0, 34.0
5518, 6123.0, 34283.0, 6674.0, 580.0, 64.0
5518, 6200.0, 24445.0, 6676.0, 552.0, 47.0
5518, 7617.0, 17695.0, 6734.0, 633.0, 33.0
5519, 6143.0, 28931.0, 6642.0, 555.0, 55.0
5519, 7597.0, 25840.0, 6577.0, 648.0, 48.0
5520, 6172.0, 24691.0, 6549.0, 537.0, 48.0
5520, 7587.0, 28253.0, 6529.0, 615.0, 54.0
5521, 6191.0, 29189.0, 6549.0, 574.0, 55.0
5521, 7576.0, 15072.0, 6484.0, 531.0, 30.0
5521, 7609.0, 16288.0, 6717.0, 609.0, 31.0
5522, 6213.0, 27703.0, 6701.0, 564.0, 52.0
5522, 7576.0, 10984.0, 6541.0, 524.0, 22.0
5522, 7605.0, 17190.0, 6675.0, 566.0, 33.0
5523, 6236.0, 28815.0, 6601.0, 553.0, 55.0
5523, 6294.0, 11000.0, 6601.0, 532.0, 22.0
5523, 7601.0, 19991.0, 6675.0, 555.0, 39.0
5524, 6265.0, 28770.0, 6662.0, 592.0, 53.0
5524, 7596.0, 25100.0, 6630.0, 554.0, 49.0
5525, 6281.0, 26667.0, 6665.0, 675.0, 49.0
5525, 7591.0, 13522.0, 6508.0, 546.0, 27.0
5525, 7622.0, 12353.0, 6472.0, 531.0, 25.0
5526, 6286.0, 36964.0, 6751.0, 606.0, 68.0
5526, 7588.0, 13843.0, 6687.0, 566.0, 27.0
5526, 7627.0, 13127.0, 6617.0, 536.0, 26.0
5527, 6315.0, 28136.0, 6570.0, 582.0, 53.0
5527, 7583.0, 13491.0, 6494.0, 540.0, 27.0
5527, 7631.0, 15708.0, 6597.0, 550.0, 31.0
5528, 6338.0, 25840.0, 6609.0, 558.0, 49.0
5528, 7559.0, 23140.0, 6576.0, 544.0, 46.0
5528, 7638.0, 13084.0, 6577.0, 536.0, 26.0
5529, 6357.0, 26259.0, 6584.0, 556.0, 50.0
5529, 7556.0, 23639.0, 6900.0, 668.0, 44.0
5530, 6379.0, 27560.0, 6595.0, 576.0, 52.0
5530, 7557.0, 20900.0, 6681.0, 572.0, 40.0
5531, 6399.0, 27004.0, 6637.0, 562.0, 51.0
5531, 7566.0, 13965.0, 6777.0, 572.0, 27.0
5532, 6144.0, 11487.0, 6564.0, 529.0, 23.0
5532, 6421.0, 27464.0, 6603.0, 569.0, 52.0
5532, 7562.0, 13133.0, 6624.0, 549.0, 26.0
5533, 6439.0, 30205.0, 6682.0, 584.0, 56.0
5533, 7557.0, 13854.0, 6687.0, 554.0, 27.0
5534, 6464.0, 27485.0, 6650.0, 558.0, 52.0
5534, 7553.0, 13692.0, 6616.0, 548.0, 27.0
5535, 6485.0, 25417.0, 6682.0, 564.0, 48.0
5535, 7547.0, 14387.0, 6677.0, 557.0, 28.0
5536, 6504.0, 28136.0, 6534.0, 552.0, 54.0
5536, 7544.0, 13776.0, 6630.0, 569.0, 27.0
5537, 6525.0, 26837.0, 6551.0, 582.0, 51.0
5537, 6826.0, 10862.0, 6468.0, 521.0, 22.0
5537, 7541.0, 12542.0, 6587.0, 542.0, 25.0
5538, 6546.0, 26018.0, 6417.0, 540.0, 51.0
5538, 7536.0, 12811.0, 6449.0, 539.0, 26.0
5539, 5996.0, 12256.0, 6401.0, 514.0, 25.0
5539, 6567.0, 26658.0, 6393.0, 543.0, 52.0
5539, 7532.0, 12870.0, 6507.0, 536.0, 26.0
5540, 5991.0, 11708.0, 6377.0, 507.0, 24.0
5540, 6588.0, 26165.0, 6379.0, 553.0, 51.0
5540, 7525.0, 13922.0, 6427.0, 551.0, 28.0
5541, 5987.0, 10995.0, 6560.0, 523.0, 22.0
5541, 6610.0, 25210.0, 6620.0, 557.0, 48.0
5541, 7520.0, 17132.0, 6647.0, 651.0, 32.0
5542, 5975.0, 16023.0, 6395.0, 539.0, 32.0
5542, 6629.0, 25590.0, 6399.0, 545.0, 50.0
5542, 7516.0, 19457.0, 6558.0, 652.0, 36.0
5543, 5979.0, 13081.0, 6594.0, 539.0, 26.0
5543, 6650.0, 25534.0, 6560.0, 551.0, 49.0
5543, 7512.0, 21265.0, 6662.0, 637.0, 39.0
5544, 6671.0, 25439.0, 6484.0, 558.0, 49.0
5544, 7502.0, 21899.0, 6357.0, 612.0, 42.0
5544, 7570.0, 8638.0, 6289.0, 496.0, 18.0
5545, 6689.0, 26220.0, 6321.0, 540.0, 52.0
5545, 7500.0, 19164.0, 6481.0, 619.0, 37.0
5546, 6708.0, 26624.0, 6364.0, 560.0, 52.0
5546, 7500.0, 16639.0, 6480.0, 567.0, 33.0
5547, 6729.0, 26669.0, 6457.0, 580.0, 51.0
5547, 7496.0, 17460.0, 6487.0, 581.0, 34.0
5548, 6748.0, 26185.0, 6408.0, 547.0, 51.0
5548, 7492.0, 17467.0, 6336.0, 540.0, 35.0
5549, 6769.0, 26177.0, 6285.0, 542.0, 52.0
5549, 7488.0, 12567.0, 6299.0, 526.0, 26.0
5550, 6790.0, 26393.0, 6334.0, 540.0, 52.0
5550, 7483.0, 13955.0, 6454.0, 562.0, 28.0
5551, 6811.0, 28842.0, 6406.0, 551.0, 56.0
5551, 7480.0, 14463.0, 6510.0, 547.0, 29.0
5552, 6833.0, 27557.0, 6343.0, 574.0, 53.0
5552, 7475.0, 12521.0, 6289.0, 523.0, 26.0
5553, 6850.0, 28902.0, 6546.0, 604.0, 54.0
5553, 7471.0, 13429.0, 6517.0, 543.0, 27.0
5555, 6893.0, 25471.0, 6485.0, 561.0, 49.0
5555, 7463.0, 12817.0, 6487.0, 536.0, 26.0
5557, 6051.0, 17906.0, 6462.0, 527.0, 36.0
5557, 6932.0, 25249.0, 6453.0, 556.0, 49.0
5557, 7454.0, 12859.0, 6503.0, 536.0, 26.0
5558, 6952.0, 25675.0, 6435.0, 549.0, 50.0
5558, 7450.0, 12807.0, 6470.0, 538.0, 26.0
5559, 6971.0, 25410.0, 6450.0, 567.0, 49.0
5559, 7446.0, 12303.0, 6468.0, 528.0, 25.0
5560, 6986.0, 28571.0, 6602.0, 563.0, 54.0
5560, 7441.0, 12685.0, 6649.0, 552.0, 25.0
5561, 7010.0, 27503.0, 6527.0, 552.0, 53.0
5561, 7437.0, 12948.0, 6527.0, 540.0, 26.0
5562, 7030.0, 27947.0, 6575.0, 571.0, 53.0
5562, 7432.0, 13026.0, 6533.0, 543.0, 26.0
5563, 6299.0, 9289.0, 6422.0, 504.0, 19.0
5563, 7048.0, 29067.0, 6566.0, 590.0, 54.0
5563, 7428.0, 12933.0, 6528.0, 539.0, 26.0
5564, 7065.0, 28031.0, 6487.0, 583.0, 53.0
5564, 7147.0, 11290.0, 6448.0, 523.0, 23.0
5564, 7425.0, 11893.0, 6528.0, 536.0, 24.0
5565, 7088.0, 28097.0, 6555.0, 550.0, 54.0
5565, 7148.0, 10266.0, 6435.0, 511.0, 21.0
5565, 7420.0, 12342.0, 6460.0, 530.0, 25.0
5566, 7109.0, 31624.0, 6450.0, 568.0, 61.0
5566, 7416.0, 12320.0, 6495.0, 531.0, 25.0
5567, 7126.0, 28318.0, 6495.0, 608.0, 53.0
5567, 7410.0, 14157.0, 6585.0, 563.0, 28.0
5568, 7142.0, 28219.0, 6499.0, 550.0, 54.0
5568, 7406.0, 14271.0, 6628.0, 581.0, 28.0
5569, 7166.0, 26318.0, 6361.0, 580.0, 51.0
5569, 7402.0, 12705.0, 6388.0, 531.0, 26.0
5570, 7185.0, 29428.0, 6353.0, 539.0, 58.0
5570, 7398.0, 12616.0, 6385.0, 527.0, 26.0
5571, 7207.0, 32761.0, 6488.0, 594.0, 62.0
5571, 7394.0, 13056.0, 6581.0, 545.0, 26.0
5572, 7225.0, 31804.0, 6512.0, 581.0, 60.0
5572, 7390.0, 12410.0, 6531.0, 537.0, 25.0
5573, 7244.0, 27295.0, 6456.0, 606.0, 51.0
5573, 7386.0, 11825.0, 6507.0, 535.0, 24.0
5574, 7259.0, 29440.0, 6446.0, 563.0, 57.0
5574, 7381.0, 12172.0, 6376.0, 527.0, 25.0
5575, 7284.0, 30063.0, 6425.0, 549.0, 58.0
5575, 7376.0, 14057.0, 6538.0, 550.0, 28.0
5576, 7305.0, 27122.0, 6461.0, 575.0, 52.0
5576, 7373.0, 11830.0, 6492.0, 533.0, 24.0
5577, 7320.0, 40078.0, 6452.0, 587.0, 76.0
5578, 7344.0, 31286.0, 6534.0, 711.0, 56.0
5579, 7358.0, 31206.0, 6575.0, 587.0, 59.0
5579, 7541.0, 12457.0, 6566.0, 556.0, 25.0
5580, 7356.0, 12703.0, 6672.0, 545.0, 25.0
5580, 7386.0, 25728.0, 6576.0, 558.0, 49.0
5581, 7351.0, 12916.0, 6477.0, 538.0, 26.0
5581, 7403.0, 31238.0, 6466.0, 558.0, 60.0
5582, 7347.0, 13046.0, 6568.0, 543.0, 26.0
5582, 7426.0, 27483.0, 6535.0, 549.0, 53.0
5582, 7486.0, 9302.0, 6425.0, 510.0, 19.0
5583, 7343.0, 12503.0, 6603.0, 543.0, 25.0
5583, 7446.0, 30931.0, 6523.0, 551.0, 60.0
5584, 7338.0, 12942.0, 6501.0, 540.0, 26.0
5584, 7465.0, 28119.0, 6456.0, 571.0, 54.0
5585, 7334.0, 13321.0, 6695.0, 558.0, 26.0
5585, 7485.0, 29853.0, 6631.0, 575.0, 56.0
5586, 7330.0, 13122.0, 6618.0, 549.0, 26.0
5586, 7505.0, 28884.0, 6552.0, 559.0, 55.0
5587, 7323.0, 14173.0, 6569.0, 558.0, 28.0
5587, 7526.0, 25975.0, 6500.0, 554.0, 50.0
5588, 7318.0, 15537.0, 6619.0, 600.0, 30.0
5588, 7546.0, 25823.0, 6502.0, 541.0, 50.0
5589, 7317.0, 13919.0, 6757.0, 568.0, 27.0
5589, 7566.0, 26152.0, 6645.0, 573.0, 49.0
5590, 7312.0, 13117.0, 6589.0, 547.0, 26.0
5590, 7582.0, 30181.0, 6547.0, 567.0, 57.0
5591, 7307.0, 13673.0, 6599.0, 550.0, 27.0
5591, 7602.0, 26933.0, 6590.0, 572.0, 51.0
5592, 7303.0, 12879.0, 6484.0, 546.0, 26.0
5592, 7622.0, 24885.0, 6433.0, 535.0, 49.0
5593, 7298.0, 12955.0, 6496.0, 544.0, 26.0
5593, 7643.0, 23588.0, 6501.0, 543.0, 46.0
5594, 7294.0, 12799.0, 6424.0, 535.0, 26.0
5594, 7659.0, 24753.0, 6358.0, 536.0, 49.0
5595, 7289.0, 13498.0, 6505.0, 552.0, 27.0
5595, 7678.0, 25151.0, 6444.0, 547.0, 49.0
5596, 7285.0, 13957.0, 6490.0, 549.0, 28.0
5596, 7695.0, 22250.0, 6409.0, 536.0, 44.0
5597, 7281.0, 12891.0, 6479.0, 549.0, 26.0
5598, 7277.0, 12702.0, 6382.0, 533.0, 26.0
5599, 7273.0, 12547.0, 6578.0, 545.0, 25.0
5600, 7187.0, 12495.0, 6564.0, 526.0, 25.0
5600, 7268.0, 13132.0, 6576.0, 546.0, 26.0
5601, 7180.0, 13563.0, 6550.0, 537.0, 27.0
5601, 7265.0, 12550.0, 6608.0, 544.0, 25.0
5601, 7507.0, 12573.0, 6587.0, 544.0, 25.0
5602, 7178.0, 11463.0, 6569.0, 528.0, 23.0
5602, 7260.0, 13191.0, 6636.0, 551.0, 26.0
5602, 7506.0, 13152.0, 6605.0, 552.0, 26.0
5603, 7256.0, 12885.0, 6493.0, 539.0, 26.0
5604, 7252.0, 13183.0, 6661.0, 549.0, 26.0
5605, 7247.0, 13131.0, 6569.0, 545.0, 26.0
5606, 7243.0, 13118.0, 6601.0, 547.0, 26.0
5607, 7239.0, 13078.0, 6595.0, 546.0, 26.0
5608, 7234.0, 13426.0, 6484.0, 539.0, 27.0
5609, 7229.0, 13528.0, 6549.0, 547.0, 27.0
5610, 7222.0, 15285.0, 6534.0, 573.0, 30.0
5611, 7218.0, 16497.0, 6735.0, 650.0, 31.0
5612, 7215.0, 15611.0, 6650.0, 618.0, 30.0
5613, 7212.0, 14206.0, 6589.0, 577.0, 28.0
5614, 7208.0, 14398.0, 6688.0, 583.0, 28.0
5615, 7204.0, 15851.0, 6595.0, 560.0, 31.0
5632, 7134.0, 12560.0, 6587.0, 550.0, 25.0
5633, 7134.0, 11375.0, 6487.0, 530.0, 23.0
5642, 5866.0, 10166.0, 6416.0, 516.0, 21.0
5643, 5857.0, 27340.0, 6585.0, 898.0, 44.0
5644, 5839.0, 46452.0, 6883.0, 912.0, 76.0
5645, 5819.0, 29441.0, 6657.0, 859.0, 47.0
5645, 5876.0, 7653.0, 5835.0, 457.0, 17.0
5646, 5796.0, 34433.0, 6809.0, 850.0, 53.0
5647, 5773.0, 32292.0, 6548.0, 780.0, 53.0
5648, 5750.0, 30864.0, 6701.0, 796.0, 50.0
5649, 5729.0, 33779.0, 6814.0, 928.0, 51.0
5650, 5719.0, 29928.0, 6979.0, 1036.0, 45.0
5651, 5698.0, 39609.0, 6749.0, 881.0, 65.0
5652, 5683.0, 29591.0, 6752.0, 884.0, 46.0
5653, 5665.0, 32133.0, 6788.0, 839.0, 52.0
5654, 5648.0, 25950.0, 6873.0, 829.0, 42.0
5654, 5691.0, 10994.0, 6611.0, 543.0, 22.0
5655, 5630.0, 27448.0, 6745.0, 872.0, 44.0
5656, 5610.0, 27372.0, 6731.0, 798.0, 45.0
5657, 5588.0, 30542.0, 6796.0, 923.0, 48.0
5658, 5445.0, 21365.0, 6567.0, 629.0, 40.0
5658, 5564.0, 30390.0, 6775.0, 780.0, 50.0
5659, 5444.0, 19683.0, 6847.0, 599.0, 38.0
5659, 5542.0, 29430.0, 6878.0, 820.0, 47.0
5660, 5445.0, 12267.0, 6738.0, 576.0, 24.0
5660, 5519.0, 29389.0, 6804.0, 840.0, 47.0
5661, 5445.0, 11585.0, 6699.0, 569.0, 23.0
5661, 5496.0, 29594.0, 6881.0, 816.0, 48.0
5662, 5446.0, 11443.0, 6646.0, 569.0, 23.0
5662, 5483.0, 20980.0, 6867.0, 772.0, 36.0
5663, 5447.0, 32173.0, 6804.0, 784.0, 58.0
5664, 5449.0, 28125.0, 6729.0, 789.0, 48.0
5665, 5449.0, 21410.0, 7056.0, 934.0, 35.0
5666, 5440.0, 18609.0, 7145.0, 799.0, 32.0
5667, 5426.0, 21740.0, 6773.0, 895.0, 36.0
5668, 5419.0, 19915.0, 7157.0, 850.0, 33.0
5669, 5409.0, 18202.0, 6993.0, 775.0, 32.0
5670, 5396.0, 20631.0, 6522.0, 810.0, 36.0
5671, 5389.0, 20655.0, 6945.0, 916.0, 34.0
5672, 5378.0, 20002.0, 6830.0, 794.0, 35.0
5673, 5367.0, 20180.0, 7054.0, 834.0, 34.0
5674, 5356.0, 19316.0, 6900.0, 827.0, 33.0
5675, 5346.0, 19178.0, 6907.0, 818.0, 33.0
5676, 5337.0, 19117.0, 6955.0, 809.0, 33.0
5677, 5326.0, 18999.0, 6691.0, 812.0, 33.0
5678, 5320.0, 18234.0, 7178.0, 863.0, 31.0
5679, 5317.0, 15498.0, 7774.0, 855.0, 27.0
5680, 5319.0, 9317.0, 6010.0, 483.0, 20.0
5682, 5550.0, 46528.0, 6605.0, 582.0, 88.0
5745, 5319.0, 8039.0, 6111.0, 484.0, 17.0
5746, 5319.0, 7974.0, 6064.0, 481.0, 17.0
5747, 5319.0, 8099.0, 6161.0, 487.0, 17.0
5748, 5319.0, 8071.0, 6136.0, 487.0, 17.0
5749, 5319.0, 8085.0, 6151.0, 487.0, 17.0
5750, 5319.0, 8094.0, 6151.0, 490.0, 17.0
5751, 5320.0, 7683.0, 6208.0, 493.0, 16.0
5753, 5319.0, 7835.0, 5954.0, 474.0, 17.0
5754, 5319.0, 7954.0, 6033.0, 484.0, 17.0
5755, 5319.0, 7990.0, 6074.0, 482.0, 17.0
5756, 5319.0, 8035.0, 6114.0, 485.0, 17.0
5757, 5319.0, 8017.0, 6085.0, 485.0, 17.0
5758, 5319.0, 8068.0, 6135.0, 489.0, 17.0
5759, 5319.0, 8573.0, 6139.0, 490.0, 18.0
5776, 5319.0, 7842.0, 5957.0, 475.0, 17.0
5779, 5320.0, 7315.0, 5910.0, 470.0, 16.0
5781, 5319.0, 7756.0, 5895.0, 470.0, 17.0
5940, 7709.0, 9620.0, 6330.0, 509.0, 20.0
5947, 5408.0, 8408.0, 6461.0, 508.0, 17.0
5961, 5568.0, 11092.0, 6645.0, 537.0, 22.0
5962, 5591.0, 15587.0, 6539.0, 519.0, 31.0
5966, 4541.0, 11947.0, 6544.0, 527.0, 24.0
5967, 4542.0, 10396.0, 6486.0, 514.0, 21.0
5968, 5651.0, 8643.0, 6274.0, 493.0, 18.0
5969, 5650.0, 11660.0, 6361.0, 512.0, 24.0
5972, 3938.0, 12358.0, 6502.0, 545.0, 25.0
5983, 5679.0, 10481.0, 6554.0, 521.0, 21.0
5996, 3228.0, 14832.0, 6603.0, 550.0, 29.0
5996, 3291.0, 99142.0, 6595.0, 580.0, 184.0
5996, 3574.0, 9946.0, 6532.0, 512.0, 20.0
5997, 3420.0, 96339.0, 6570.0, 645.0, 180.0
5998, 3546.0, 49555.0, 6536.0, 627.0, 91.0
5998, 3693.0, 16101.0, 6442.0, 545.0, 32.0
5998, 4602.0, 12305.0, 6476.0, 528.0, 25.0
5999, 3599.0, 74226.0, 6473.0, 703.0, 134.0
5999, 4597.0, 12090.0, 6307.0, 514.0, 25.0
6000, 3673.0, 92346.0, 6675.0, 630.0, 170.0
6000, 4598.0, 10871.0, 6518.0, 520.0, 22.0
6001, 3792.0, 94454.0, 6695.0, 593.0, 173.0
6001, 4602.0, 12038.0, 6590.0, 530.0, 24.0
6002, 3760.0, 10340.0, 6451.0, 513.0, 21.0
6002, 3912.0, 91763.0, 6533.0, 610.0, 170.0
6002, 4608.0, 10305.0, 6472.0, 518.0, 21.0
6003, 3760.0, 14404.0, 6638.0, 562.0, 28.0
6003, 3947.0, 12145.0, 6655.0, 550.0, 24.0
6003, 4026.0, 77926.0, 6592.0, 599.0, 143.0
6003, 4610.0, 11928.0, 6510.0, 535.0, 24.0
6004, 3767.0, 22432.0, 6793.0, 602.0, 41.0
6004, 4117.0, 85700.0, 6680.0, 584.0, 156.0
6005, 3781.0, 14568.0, 6752.0, 575.0, 28.0
6005, 4210.0, 83791.0, 6660.0, 580.0, 153.0
6006, 4291.0, 124112.0, 6587.0, 631.0, 225.0
6006, 4556.0, 36751.0, 6620.0, 605.0, 69.0
6007, 4391.0, 130254.0, 6451.0, 653.0, 237.0
6008, 4422.0, 11179.0, 6701.0, 535.0, 22.0
6008, 4460.0, 10646.0, 6643.0, 530.0, 21.0
6008, 4490.0, 11744.0, 6652.0, 527.0, 23.0
6008, 4525.0, 79222.0, 6718.0, 605.0, 145.0
6009, 4603.0, 92249.0, 6771.0, 592.0, 169.0
6010, 4704.0, 89656.0, 6576.0, 593.0, 165.0
6011, 4780.0, 88860.0, 6640.0, 604.0, 163.0
6012, 4879.0, 75825.0, 6615.0, 549.0, 143.0
6012, 5256.0, 12568.0, 6594.0, 524.0, 25.0
6013, 4975.0, 76208.0, 6604.0, 556.0, 143.0
6013, 5240.0, 25105.0, 6592.0, 567.0, 48.0
6014, 5063.0, 135736.0, 6627.0, 626.0, 247.0
6015, 5165.0, 112434.0, 6750.0, 648.0, 195.0
6016, 5272.0, 87077.0, 6561.0, 622.0, 162.0
6017, 5280.0, 21783.0, 6670.0, 657.0, 40.0
6017, 5339.0, 9831.0, 6430.0, 507.0, 20.0
6017, 5385.0, 102094.0, 6480.0, 571.0, 195.0
6018, 5284.0, 20527.0, 6683.0, 635.0, 38.0
6018, 5485.0, 11020.0, 6510.0, 506.0, 22.0
6018, 5511.0, 93785.0, 6566.0, 569.0, 176.0
6019, 5624.0, 80370.0, 6487.0, 547.0, 154.0
6020, 5704.0, 80815.0, 6421.0, 595.0, 152.0
6021, 5780.0, 86581.0, 6608.0, 574.0, 161.0
6022, 5850.0, 90850.0, 6628.0, 609.0, 165.0
6022, 6147.0, 13676.0, 6615.0, 533.0, 27.0
6023, 5490.0, 13536.0, 6531.0, 545.0, 27.0
6023, 5916.0, 84499.0, 6459.0, 582.0, 160.0
6023, 6135.0, 20877.0, 6455.0, 556.0, 41.0
6024, 5489.0, 11575.0, 6592.0, 523.0, 23.0
6024, 5964.0, 14907.0, 6640.0, 542.0, 29.0
6024, 6007.0, 110887.0, 6634.0, 601.0, 204.0
6025, 5971.0, 13783.0, 6636.0, 549.0, 27.0
6025, 6084.0, 135478.0, 6670.0, 609.0, 245.0
6026, 6217.0, 100776.0, 6625.0, 610.0, 183.0
6027, 6295.0, 101237.0, 6468.0, 582.0, 191.0
6028, 6400.0, 73909.0, 6566.0, 577.0, 138.0
6030, 4288.0, 16296.0, 6587.0, 526.0, 32.0
6031, 4294.0, 17746.0, 6542.0, 533.0, 35.0
6032, 4310.0, 11950.0, 6544.0, 527.0, 24.0
6033, 4309.0, 14065.0, 6794.0, 579.0, 27.0
6034, 4309.0, 10851.0, 6482.0, 520.0, 22.0
6075, 6393.0, 10327.0, 6477.0, 518.0, 21.0
6076, 6387.0, 14348.0, 6658.0, 605.0, 28.0
6077, 6383.0, 14555.0, 6691.0, 624.0, 28.0
6078, 6380.0, 14801.0, 6794.0, 650.0, 28.0
6079, 6378.0, 15725.0, 6962.0, 686.0, 29.0
6080, 6376.0, 13677.0, 6968.0, 638.0, 26.0
6081, 6373.0, 13644.0, 6912.0, 642.0, 26.0
6082, 6368.0, 15242.0, 6730.0, 641.0, 29.0
6083, 6366.0, 15106.0, 6925.0, 679.0, 28.0
6084, 6363.0, 14327.0, 6853.0, 652.0, 27.0
6085, 6360.0, 14322.0, 6878.0, 643.0, 27.0
6086, 6357.0, 14417.0, 6887.0, 646.0, 27.0
6087, 6354.0, 14400.0, 6878.0, 641.0, 27.0
6088, 6351.0, 14080.0, 6721.0, 626.0, 27.0
6089, 6349.0, 13977.0, 6781.0, 623.0, 27.0
6090, 6346.0, 14370.0, 6976.0, 637.0, 27.0
6091, 6343.0, 13486.0, 6792.0, 621.0, 26.0
6092, 6339.0, 14074.0, 6697.0, 628.0, 27.0
6093, 6336.0, 14830.0, 6780.0, 652.0, 28.0
6094, 6333.0, 15228.0, 6706.0, 657.0, 29.0
6095, 6328.0, 16752.0, 6719.0, 685.0, 31.0
6096, 6327.0, 14860.0, 6782.0, 643.0, 28.0
6097, 6325.0, 14383.0, 6889.0, 656.0, 27.0
6098, 6322.0, 15018.0, 6932.0, 652.0, 28.0
6099, 6319.0, 14992.0, 6845.0, 691.0, 28.0
6100, 6316.0, 15087.0, 6943.0, 666.0, 28.0
6101, 6312.0, 14864.0, 6784.0, 651.0, 28.0
6102, 6307.0, 17174.0, 6872.0, 727.0, 31.0
6103, 6306.0, 15199.0, 6652.0, 643.0, 29.0
6104, 6304.0, 14583.0, 6680.0, 635.0, 28.0
6105, 6302.0, 14112.0, 6830.0, 626.0, 27.0
6106, 6299.0, 14312.0, 6919.0, 640.0, 27.0
6107, 6296.0, 14113.0, 6812.0, 627.0, 27.0
6108, 6293.0, 14181.0, 6818.0, 634.0, 27.0
6109, 6290.0, 14211.0, 6853.0, 638.0, 27.0
6110, 6286.0, 15334.0, 6744.0, 640.0, 29.0
6111, 6283.0, 14894.0, 6733.0, 678.0, 28.0
6112, 6281.0, 13857.0, 6647.0, 620.0, 27.0
6113, 6278.0, 13885.0, 6694.0, 634.0, 27.0
6114, 6275.0, 14364.0, 6648.0, 628.0, 28.0
6115, 6272.0, 13836.0, 6660.0, 621.0, 27.0
6116, 6269.0, 13847.0, 6663.0, 620.0, 27.0
6117, 6266.0, 13802.0, 6669.0, 614.0, 27.0
6118, 6263.0, 13791.0, 6700.0, 612.0, 27.0
6119, 6259.0, 13813.0, 6594.0, 616.0, 27.0
6120, 6254.0, 15387.0, 6458.0, 636.0, 30.0
6121, 6252.0, 15139.0, 6651.0, 661.0, 29.0
6122, 4155.0, 13520.0, 6547.0, 572.0, 27.0
6122, 6249.0, 14246.0, 6521.0, 615.0, 28.0
6123, 6247.0, 13911.0, 6680.0, 627.0, 27.0
6124, 6243.0, 14264.0, 6529.0, 611.0, 28.0
6125, 6240.0, 14193.0, 6507.0, 614.0, 28.0
6126, 6237.0, 14524.0, 6694.0, 624.0, 28.0
6127, 6234.0, 13713.0, 6584.0, 608.0, 27.0
6144, 6177.0, 14911.0, 6813.0, 667.0, 28.0
6145, 6174.0, 14657.0, 6727.0, 646.0, 28.0
6146, 6171.0, 14844.0, 6801.0, 645.0, 28.0
6147, 6168.0, 14191.0, 6796.0, 639.0, 27.0
6148, 6165.0, 14356.0, 6940.0, 645.0, 27.0
6149, 6161.0, 14176.0, 6794.0, 623.0, 27.0
6150, 6157.0, 14747.0, 6769.0, 635.0, 28.0
6151, 6154.0, 15042.0, 6939.0, 659.0, 28.0
6152, 6151.0, 14184.0, 6850.0, 636.0, 27.0
6153, 6146.0, 14897.0, 6806.0, 644.0, 28.0
6154, 6143.0, 15755.0, 6820.0, 718.0, 29.0
6155, 6140.0, 14136.0, 6836.0, 639.0, 27.0
6156, 6136.0, 14427.0, 6670.0, 617.0, 28.0
6157, 6132.0, 15208.0, 6659.0, 645.0, 29.0
6158, 6129.0, 14457.0, 6672.0, 619.0, 28.0
6159, 6124.0, 14949.0, 6554.0, 627.0, 29.0
6160, 6121.0, 14912.0, 6758.0, 653.0, 28.0
6161, 6119.0, 16965.0, 6969.0, 663.0, 31.0
6162, 6115.0, 14626.0, 6713.0, 630.0, 28.0
6163, 6112.0, 14255.0, 6902.0, 637.0, 27.0
6164, 6107.0, 14719.0, 6726.0, 624.0, 28.0
6165, 6102.0, 15766.0, 6597.0, 647.0, 30.0
6166, 6100.0, 16175.0, 6762.0, 696.0, 30.0
6167, 6097.0, 14981.0, 6884.0, 655.0, 28.0
6168, 6093.0, 14580.0, 6699.0, 639.0, 28.0
6169, 6090.0, 14071.0, 6745.0, 624.0, 27.0
6170, 6086.0, 14350.0, 6605.0, 620.0, 28.0
6171, 6083.0, 13625.0, 6579.0, 607.0, 27.0
6172, 6079.0, 13905.0, 6661.0, 623.0, 27.0
6173, 6075.0, 14976.0, 6848.0, 677.0, 28.0
6174, 6073.0, 14443.0, 7060.0, 666.0, 27.0
6175, 6066.0, 15443.0, 6753.0, 660.0, 29.0
6192, 6003.0, 14888.0, 6496.0, 636.0, 29.0
6193, 6001.0, 14746.0, 6842.0, 702.0, 28.0
6194, 5997.0, 13427.0, 6472.0, 614.0, 27.0
6195, 5993.0, 13809.0, 6655.0, 620.0, 27.0
6196, 5989.0, 13605.0, 6567.0, 613.0, 27.0
6197, 5984.0, 14108.0, 6439.0, 620.0, 28.0
6198, 5981.0, 13789.0, 6588.0, 641.0, 27.0
6199, 5978.0, 13202.0, 6675.0, 621.0, 26.0
6200, 5967.0, 17444.0, 6686.0, 636.0, 33.0
6201, 5967.0, 15961.0, 6608.0, 692.0, 30.0
6202, 5964.0, 15179.0, 6650.0, 652.0, 29.0
6203, 5962.0, 13964.0, 6704.0, 636.0, 27.0
6204, 5958.0, 13873.0, 6689.0, 616.0, 27.0
6205, 5954.0, 13861.0, 6658.0, 629.0, 27.0
6206, 5951.0, 13347.0, 6723.0, 623.0, 26.0
6207, 5947.0, 13178.0, 6670.0, 601.0, 26.0
6208, 5943.0, 13789.0, 6682.0, 604.0, 27.0
6209, 5940.0, 13341.0, 6801.0, 604.0, 26.0
6210, 5936.0, 13243.0, 6718.0, 605.0, 26.0
6211, 5932.0, 13565.0, 6854.0, 619.0, 26.0
6212, 5927.0, 14689.0, 6764.0, 654.0, 28.0
6213, 5924.0, 14116.0, 6815.0, 639.0, 27.0
6214, 5921.0, 13709.0, 6922.0, 640.0, 26.0
6215, 5917.0, 14106.0, 6838.0, 639.0, 27.0
6216, 5913.0, 14182.0, 6877.0, 639.0, 27.0
6217, 5909.0, 14683.0, 6800.0, 642.0, 28.0
6218, 5905.0, 14269.0, 6868.0, 658.0, 27.0
6219, 5902.0, 14384.0, 7031.0, 658.0, 27.0
6220, 5898.0, 13655.0, 6908.0, 638.0, 26.0
6221, 5892.0, 14420.0, 6612.0, 621.0, 28.0
6222, 5889.0, 17082.0, 6974.0, 825.0, 30.0
6223, 5886.0, 13918.0, 6704.0, 638.0, 27.0
6224, 5883.0, 13381.0, 6831.0, 632.0, 26.0
6225, 5879.0, 13598.0, 6876.0, 642.0, 26.0
6226, 5876.0, 13529.0, 6898.0, 639.0, 26.0
6227, 5871.0, 14466.0, 7021.0, 691.0, 27.0
6228, 5868.0, 13987.0, 6828.0, 643.0, 27.0
6229, 5864.0, 15956.0, 6783.0, 685.0, 30.0
6230, 5860.0, 19142.0, 6880.0, 693.0, 36.0
6231, 5857.0, 13342.0, 6717.0, 628.0, 26.0
6232, 5853.0, 14176.0, 6864.0, 656.0, 27.0
6233, 5850.0, 13082.0, 6932.0, 634.0, 25.0
6234, 5846.0, 13612.0, 6891.0, 651.0, 26.0
6235, 5843.0, 13153.0, 7008.0, 631.0, 25.0
6236, 5836.0, 16054.0, 6984.0, 747.0, 29.0
6237, 5834.0, 15647.0, 7220.0, 779.0, 28.0
6238, 5831.0, 13704.0, 6965.0, 648.0, 26.0
6239, 5827.0, 13853.0, 6998.0, 666.0, 26.0
6240, 5824.0, 13391.0, 6847.0, 626.0, 26.0
6241, 5819.0, 14116.0, 6791.0, 646.0, 27.0
6242, 5816.0, 16517.0, 6868.0, 702.0, 31.0
6243, 5812.0, 14032.0, 6771.0, 641.0, 27.0
6244, 5808.0, 14045.0, 6823.0, 636.0, 27.0
6245, 5804.0, 14088.0, 6773.0, 678.0, 27.0
6246, 5801.0, 13367.0, 6788.0, 626.0, 26.0
6247, 5797.0, 13577.0, 6836.0, 642.0, 26.0
6248, 5793.0, 13898.0, 6707.0, 631.0, 27.0
6249, 5790.0, 13135.0, 6705.0, 621.0, 26.0
6250, 5786.0, 12842.0, 6760.0, 608.0, 25.0
6251, 5782.0, 14030.0, 6752.0, 618.0, 27.0
6252, 5778.0, 23655.0, 6759.0, 643.0, 44.0
6253, 5774.0, 15804.0, 6908.0, 732.0, 29.0
6254, 5772.0, 12756.0, 6810.0, 619.0, 25.0
6255, 5767.0, 13839.0, 6673.0, 622.0, 27.0
6256, 5764.0, 13297.0, 6716.0, 609.0, 26.0
6257, 5760.0, 13381.0, 6764.0, 628.0, 26.0
6258, 5757.0, 13250.0, 6739.0, 626.0, 26.0
6259, 5753.0, 13248.0, 6697.0, 619.0, 26.0
6260, 5748.0, 13914.0, 6659.0, 624.0, 27.0
6261, 5745.0, 13406.0, 6732.0, 621.0, 26.0
6262, 5741.0, 13854.0, 6692.0, 627.0, 27.0
6263, 5737.0, 14281.0, 6921.0, 664.0, 27.0
6264, 5734.0, 14005.0, 6845.0, 669.0, 27.0
6265, 5731.0, 12690.0, 6775.0, 617.0, 25.0
6266, 5727.0, 13481.0, 6836.0, 634.0, 26.0
6267, 5714.0, 19392.0, 6720.0, 686.0, 35.0
6268, 5708.0, 19289.0, 6549.0, 657.0, 37.0
6269, 5715.0, 14460.0, 6947.0, 686.0, 27.0
6270, 5712.0, 15509.0, 6640.0, 637.0, 30.0
6271, 5708.0, 17882.0, 6883.0, 681.0, 33.0
6272, 5689.0, 25670.0, 6691.0, 641.0, 48.0
6273, 5699.0, 15028.0, 6867.0, 668.0, 28.0
6274, 5697.0, 14578.0, 7042.0, 685.0, 27.0
6275, 5694.0, 13646.0, 6958.0, 643.0, 26.0
6276, 5690.0, 13728.0, 6920.0, 636.0, 26.0
6277, 5687.0, 13537.0, 6929.0, 633.0, 26.0
6278, 5683.0, 13494.0, 6837.0, 631.0, 26.0
6278, 7423.0, 11409.0, 6560.0, 541.0, 23.0
6279, 5679.0, 13764.0, 6936.0, 645.0, 26.0
6280, 5675.0, 15915.0, 6974.0, 741.0, 29.0
6281, 5672.0, 13688.0, 6943.0, 682.0, 26.0
6282, 5664.0, 18333.0, 6649.0, 687.0, 34.0
6283, 5664.0, 14910.0, 6858.0, 684.0, 28.0
6284, 5661.0, 13531.0, 6815.0, 633.0, 26.0
6285, 5657.0, 16015.0, 7003.0, 748.0, 29.0
6286, 5653.0, 14583.0, 6685.0, 652.0, 28.0
6287, 5650.0, 15020.0, 6820.0, 718.0, 28.0
6288, 5647.0, 13518.0, 6845.0, 636.0, 26.0
6289, 5643.0, 14368.0, 6951.0, 684.0, 27.0
6290, 5640.0, 13695.0, 6889.0, 646.0, 26.0
6291, 5637.0, 13586.0, 6908.0, 648.0, 26.0
6292, 5630.0, 15599.0, 6741.0, 679.0, 29.0
6293, 5629.0, 15568.0, 7207.0, 775.0, 28.0
6294, 5626.0, 18021.0, 7151.0, 703.0, 32.0
6295, 5623.0, 13763.0, 7014.0, 659.0, 26.0
6296, 5619.0, 14070.0, 7063.0, 664.0, 26.0
6297, 5616.0, 13582.0, 6913.0, 637.0, 26.0
6298, 5612.0, 14104.0, 7103.0, 687.0, 26.0
6299, 5609.0, 13708.0, 7005.0, 653.0, 26.0
6300, 5605.0, 13804.0, 6945.0, 655.0, 26.0
6301, 5602.0, 13959.0, 7116.0, 679.0, 26.0
6302, 5597.0, 15758.0, 6812.0, 720.0, 29.0
6303, 5594.0, 15282.0, 6999.0, 744.0, 28.0
6304, 5592.0, 13001.0, 6950.0, 636.0, 25.0
6305, 5587.0, 13994.0, 6698.0, 630.0, 27.0
6306, 5584.0, 14590.0, 7095.0, 732.0, 27.0
6307, 5581.0, 16841.0, 7046.0, 709.0, 31.0
6308, 5578.0, 13711.0, 6989.0, 644.0, 26.0
6309, 5572.0, 22115.0, 9798.0, 931.0, 29.0
6310, 5571.0, 13045.0, 6959.0, 638.0, 25.0
6311, 5567.0, 13637.0, 6913.0, 653.0, 26.0
6312, 5564.0, 13803.0, 7107.0, 667.0, 26.0
6312, 5813.0, 10412.0, 6514.0, 519.0, 21.0
6313, 5560.0, 13769.0, 6979.0, 652.0, 26.0
6314, 5556.0, 13809.0, 6934.0, 655.0, 26.0
6315, 5552.0, 14517.0, 7001.0, 661.0, 27.0
6316, 5549.0, 13725.0, 6911.0, 645.0, 26.0
6317, 5546.0, 13945.0, 7120.0, 651.0, 26.0
6318, 5542.0, 13827.0, 6983.0, 656.0, 26.0
6319, 5538.0, 13780.0, 6882.0, 641.0, 26.0
6320, 5534.0, 14925.0, 6827.0, 705.0, 28.0
6321, 5531.0, 14286.0, 6896.0, 657.0, 27.0
6322, 5528.0, 14465.0, 7019.0, 694.0, 27.0
6323, 5525.0, 13689.0, 6933.0, 643.0, 26.0
6324, 5516.0, 16196.0, 6531.0, 643.0, 31.0
6325, 5515.0, 16391.0, 6847.0, 709.0, 30.0
6326, 5514.0, 15311.0, 7000.0, 726.0, 28.0
6327, 5511.0, 13677.0, 6883.0, 645.0, 26.0
6328, 5508.0, 13730.0, 7011.0, 668.0, 26.0
6329, 5504.0, 14264.0, 6862.0, 660.0, 27.0
6330, 5501.0, 13456.0, 6804.0, 636.0, 26.0
6331, 5497.0, 14309.0, 6894.0, 644.0, 27.0
6332, 5494.0, 14233.0, 6890.0, 664.0, 27.0
6333, 5490.0, 13987.0, 6741.0, 638.0, 27.0
6334, 5486.0, 15750.0, 6945.0, 744.0, 29.0
6335, 5484.0, 15807.0, 7044.0, 706.0, 29.0
6336, 5482.0, 9177.0, 6347.0, 512.0, 19.0
6337, 5479.0, 8692.0, 6337.0, 512.0, 18.0
6338, 5476.0, 8704.0, 6344.0, 512.0, 18.0
6339, 5472.0, 8588.0, 6258.0, 506.0, 18.0
6340, 5469.0, 8603.0, 6274.0, 510.0, 18.0
6341, 5466.0, 8604.0, 6274.0, 512.0, 18.0
6342, 5463.0, 8550.0, 6229.0, 504.0, 18.0
6343, 5459.0, 8560.0, 6244.0, 505.0, 18.0
6344, 5456.0, 8736.0, 6376.0, 518.0, 18.0
6345, 5453.0, 8640.0, 6306.0, 513.0, 18.0
6346, 5450.0, 8681.0, 6338.0, 518.0, 18.0
6347, 5448.0, 8649.0, 6301.0, 512.0, 18.0
6355, 5374.0, 8307.0, 6389.0, 511.0, 17.0
6357, 5368.0, 7743.0, 6324.0, 507.0, 16.0
6397, 4944.0, 10219.0, 6371.0, 499.0, 21.0
6410, 5081.0, 7979.0, 6500.0, 504.0, 16.0
6411, 5093.0, 8962.0, 6494.0, 504.0, 18.0
6412, 5100.0, 12407.0, 6470.0, 508.0, 25.0
6413, 5109.0, 8448.0, 6453.0, 503.0, 17.0
6414, 5163.0, 11389.0, 6549.0, 523.0, 23.0
6415, 5137.0, 15126.0, 6534.0, 519.0, 30.0
6432, 5303.0, 9493.0, 6523.0, 509.0, 19.0
6553, 4436.0, 8683.0, 6326.0, 504.0, 18.0
6624, 6315.0, 9732.0, 6401.0, 517.0, 20.0
6632, 5785.0, 9228.0, 6369.0, 511.0, 19.0
6699, 6567.0, 12905.0, 6443.0, 531.0, 26.0
6700, 6564.0, 14926.0, 6862.0, 649.0, 28.0
6701, 6562.0, 15612.0, 6817.0, 678.0, 29.0
6702, 6561.0, 15696.0, 6877.0, 705.0, 29.0
6703, 6560.0, 15353.0, 6809.0, 662.0, 29.0
6704, 6559.0, 14749.0, 6766.0, 643.0, 28.0
6705, 6558.0, 14729.0, 6754.0, 648.0, 28.0
6706, 6557.0, 14760.0, 6767.0, 634.0, 28.0
6707, 6557.0, 14163.0, 6826.0, 619.0, 27.0
6708, 6556.0, 14603.0, 6774.0, 622.0, 28.0
6709, 6555.0, 14561.0, 6736.0, 611.0, 28.0
6710, 6554.0, 14325.0, 6583.0, 605.0, 28.0
6711, 6553.0, 15238.0, 6729.0, 639.0, 29.0
6712, 6553.0, 14560.0, 6745.0, 625.0, 28.0
6713, 6553.0, 13606.0, 6874.0, 610.0, 26.0
6714, 6550.0, 14970.0, 6611.0, 606.0, 29.0
6715, 6548.0, 16657.0, 6728.0, 684.0, 31.0
6716, 6549.0, 15180.0, 6723.0, 643.0, 29.0
6717, 6549.0, 14606.0, 6717.0, 624.0, 28.0
6718, 6549.0, 14768.0, 6885.0, 634.0, 28.0
6719, 6548.0, 13987.0, 6724.0, 607.0, 27.0
6720, 6547.0, 14591.0, 6729.0, 608.0, 28.0
6721, 6547.0, 14074.0, 6790.0, 611.0, 27.0
6722, 6546.0, 14033.0, 6753.0, 615.0, 27.0
6723, 6545.0, 14643.0, 6775.0, 615.0, 28.0
6724, 6544.0, 14139.0, 6540.0, 596.0, 28.0
6725, 6543.0, 14406.0, 6675.0, 609.0, 28.0
6726, 6541.0, 15633.0, 6891.0, 662.0, 29.0
6727, 6540.0, 22798.0, 7188.0, 836.0, 38.0
6728, 6539.0, 22801.0, 6749.0, 695.0, 41.0
6729, 6540.0, 20946.0, 6797.0, 624.0, 40.0
6730, 6539.0, 22730.0, 6714.0, 618.0, 43.0
6731, 6538.0, 21194.0, 6802.0, 662.0, 39.0
6732, 6537.0, 19129.0, 6812.0, 635.0, 36.0
6733, 6535.0, 15071.0, 6629.0, 640.0, 29.0
6734, 6535.0, 14845.0, 6886.0, 638.0, 28.0
6735, 6533.0, 15282.0, 6717.0, 648.0, 29.0
6736, 6532.0, 16675.0, 6947.0, 729.0, 30.0
6737, 6530.0, 15900.0, 6576.0, 678.0, 30.0
6738, 6527.0, 17493.0, 6775.0, 684.0, 32.0
6739, 6528.0, 16105.0, 6680.0, 686.0, 30.0
6740, 6528.0, 16324.0, 6927.0, 680.0, 30.0
6741, 6527.0, 13785.0, 6672.0, 611.0, 27.0
6742, 6526.0, 13998.0, 6766.0, 613.0, 27.0
6743, 6524.0, 14519.0, 6646.0, 644.0, 28.0
6744, 6523.0, 21399.0, 6934.0, 694.0, 39.0
6745, 6521.0, 16589.0, 6737.0, 655.0, 31.0
6746, 6520.0, 15340.0, 6731.0, 656.0, 29.0
6747, 6519.0, 15114.0, 6668.0, 639.0, 29.0
6748, 6518.0, 15316.0, 6775.0, 662.0, 29.0
6749, 6517.0, 14761.0, 6805.0, 647.0, 28.0
6750, 6516.0, 14715.0, 6823.0, 635.0, 28.0
6751, 6515.0, 14284.0, 6903.0, 622.0, 27.0
6752, 6513.0, 14757.0, 6806.0, 635.0, 28.0
6753, 6512.0, 14712.0, 6800.0, 630.0, 28.0
6754, 6510.0, 14800.0, 6764.0, 639.0, 28.0
6755, 6509.0, 14717.0, 6763.0, 630.0, 28.0
6756, 6508.0, 14736.0, 6822.0, 633.0, 28.0
6757, 6507.0, 13992.0, 6731.0, 609.0, 27.0
6758, 6506.0, 14119.0, 6833.0, 611.0, 27.0
6759, 6504.0, 14329.0, 6856.0, 621.0, 27.0
6760, 6503.0, 13939.0, 6695.0, 608.0, 27.0
6761, 6501.0, 14230.0, 6518.0, 607.0, 28.0
6762, 6500.0, 14552.0, 6699.0, 632.0, 28.0
6762, 7775.0, 9171.0, 6323.0, 497.0, 19.0
6763, 6499.0, 14125.0, 6825.0, 618.0, 27.0
6764, 6498.0, 13982.0, 6800.0, 610.0, 27.0
6765, 6496.0, 14647.0, 6785.0, 622.0, 28.0
6766, 6494.0, 14780.0, 6776.0, 629.0, 28.0
6767, 6493.0, 15579.0, 6882.0, 653.0, 29.0
6768, 6491.0, 14516.0, 6684.0, 620.0, 28.0
6769, 6490.0, 13966.0, 6695.0, 615.0, 27.0
6770, 6488.0, 14395.0, 6628.0, 613.0, 28.0
6771, 6487.0, 13833.0, 6627.0, 607.0, 27.0
6772, 6486.0, 13997.0, 6784.0, 607.0, 27.0
6773, 6484.0, 14605.0, 6731.0, 636.0, 28.0
6774, 6482.0, 15175.0, 6621.0, 649.0, 29.0
6774, 7376.0, 8608.0, 6272.0, 499.0, 18.0
6775, 6481.0, 15155.0, 6650.0, 644.0, 29.0
6776, 6480.0, 14703.0, 6778.0, 633.0, 28.0
6777, 6479.0, 14040.0, 6760.0, 613.0, 27.0
6778, 6478.0, 14394.0, 6975.0, 624.0, 27.0
6779, 6476.0, 14351.0, 6897.0, 625.0, 27.0
6780, 6474.0, 14810.0, 6812.0, 623.0, 28.0
6781, 6472.0, 16258.0, 6856.0, 673.0, 30.0
6782, 6471.0, 16599.0, 7018.0, 700.0, 30.0
6783, 6470.0, 15149.0, 7018.0, 644.0, 28.0
6784, 6469.0, 13635.0, 6571.0, 592.0, 27.0
6785, 6467.0, 14227.0, 6561.0, 596.0, 28.0
6786, 6465.0, 14100.0, 6445.0, 593.0, 28.0
6787, 6464.0, 14029.0, 6714.0, 611.0, 27.0
6788, 6462.0, 14503.0, 6670.0, 611.0, 28.0
6789, 6461.0, 14465.0, 6648.0, 619.0, 28.0
6790, 6459.0, 14440.0, 6632.0, 603.0, 28.0
6791, 6458.0, 14433.0, 6718.0, 612.0, 28.0
6792, 6456.0, 14707.0, 6744.0, 638.0, 28.0
6793, 6454.0, 15907.0, 6702.0, 665.0, 30.0
6794, 6453.0, 14332.0, 6602.0, 606.0, 28.0
6795, 6451.0, 14458.0, 6596.0, 605.0, 28.0
6796, 6450.0, 14750.0, 6802.0, 614.0, 28.0
6797, 6448.0, 14203.0, 6510.0, 599.0, 28.0
6798, 6447.0, 15004.0, 6638.0, 627.0, 29.0
6799, 6445.0, 15909.0, 6732.0, 650.0, 30.0
6800, 6443.0, 21983.0, 6810.0, 722.0, 39.0
6801, 6442.0, 20690.0, 6720.0, 683.0, 39.0
6802, 6442.0, 14187.0, 6826.0, 619.0, 27.0
6803, 6440.0, 14616.0, 6716.0, 614.0, 28.0
6804, 6439.0, 14506.0, 6677.0, 603.0, 28.0
6805, 6438.0, 14095.0, 6757.0, 607.0, 27.0
6806, 6436.0, 14143.0, 6522.0, 594.0, 28.0
6807, 6435.0, 13578.0, 6509.0, 590.0, 27.0
6808, 6433.0, 15263.0, 6719.0, 626.0, 29.0
6809, 6432.0, 14468.0, 6622.0, 620.0, 28.0
6810, 6431.0, 14415.0, 6650.0, 608.0, 28.0
6811, 6430.0, 14206.0, 6847.0, 620.0, 27.0
6812, 6428.0, 14503.0, 6646.0, 621.0, 28.0
6813, 6427.0, 14473.0, 6704.0, 616.0, 28.0
6814, 6425.0, 14225.0, 6522.0, 606.0, 28.0
6815, 6424.0, 14319.0, 6579.0, 615.0, 28.0
6816, 6423.0, 14589.0, 6715.0, 614.0, 28.0
6817, 6422.0, 14541.0, 6698.0, 613.0, 28.0
6818, 6420.0, 14699.0, 6480.0, 602.0, 29.0
6819, 6419.0, 15237.0, 6768.0, 620.0, 29.0
6820, 6418.0, 14723.0, 6846.0, 616.0, 28.0
6821, 6416.0, 14384.0, 6616.0, 602.0, 28.0
6822, 6415.0, 14478.0, 6685.0, 619.0, 28.0
6823, 6413.0, 15071.0, 6676.0, 617.0, 29.0
6824, 6412.0, 14504.0, 6709.0, 612.0, 28.0
6825, 6410.0, 15040.0, 6617.0, 624.0, 29.0
6826, 6409.0, 14599.0, 6735.0, 623.0, 28.0
6827, 6407.0, 14846.0, 6575.0, 614.0, 29.0
6828, 6405.0, 15028.0, 6614.0, 611.0, 29.0
6829, 6404.0, 16121.0, 6802.0, 669.0, 30.0
6830, 6402.0, 17504.0, 6799.0, 710.0, 32.0
6831, 6401.0, 15052.0, 6669.0, 643.0, 29.0
6832, 6399.0, 14497.0, 6669.0, 615.0, 28.0
6833, 6398.0, 14025.0, 6778.0, 610.0, 27.0
6834, 6396.0, 14445.0, 6693.0, 612.0, 28.0
6835, 6394.0, 14487.0, 6689.0, 611.0, 28.0
6836, 6391.0, 15288.0, 6690.0, 637.0, 29.0
6837, 6389.0, 15724.0, 6582.0, 648.0, 30.0
6838, 6388.0, 15092.0, 6653.0, 620.0, 29.0
6839, 6387.0, 14395.0, 6667.0, 610.0, 28.0
6840, 6385.0, 15424.0, 6821.0, 635.0, 29.0
6841, 6384.0, 15440.0, 6839.0, 643.0, 29.0
6842, 6382.0, 14953.0, 6603.0, 611.0, 29.0
6843, 6380.0, 15447.0, 6795.0, 650.0, 29.0
6844, 6378.0, 16001.0, 6754.0, 668.0, 30.0
6845, 6377.0, 15177.0, 6698.0, 613.0, 29.0
6846, 6376.0, 14546.0, 6673.0, 616.0, 28.0
6847, 6375.0, 14439.0, 6681.0, 609.0, 28.0
6848, 6374.0, 14801.0, 6864.0, 617.0, 28.0
6849, 6372.0, 14595.0, 6677.0, 611.0, 28.0
6850, 6371.0, 14708.0, 6787.0, 617.0, 28.0
6851, 6369.0, 14724.0, 6781.0, 613.0, 28.0
6852, 6368.0, 14661.0, 6772.0, 615.0, 28.0
6853, 6366.0, 15575.0, 6879.0, 652.0, 29.0
6854, 6365.0, 14966.0, 6900.0, 639.0, 28.0
6855, 6363.0, 15289.0, 6774.0, 643.0, 29.0
6856, 6354.0, 19319.0, 6707.0, 622.0, 36.0
6857, 6355.0, 18324.0, 6711.0, 637.0, 34.0
6858, 6358.0, 15518.0, 6810.0, 649.0, 29.0
6859, 6357.0, 15357.0, 6787.0, 625.0, 29.0
6860, 6356.0, 14662.0, 6768.0, 607.0, 28.0
6861, 6354.0, 14570.0, 6674.0, 608.0, 28.0
6862, 6353.0, 15926.0, 6977.0, 689.0, 29.0
6863, 6351.0, 15300.0, 6710.0, 627.0, 29.0
6864, 6350.0, 14709.0, 6765.0, 609.0, 28.0
6865, 6349.0, 13984.0, 6751.0, 603.0, 27.0
6866, 6347.0, 14469.0, 6659.0, 602.0, 28.0
6867, 6345.0, 15108.0, 6686.0, 602.0, 29.0
6868, 6344.0, 15299.0, 6792.0, 627.0, 29.0
6869, 6342.0, 15484.0, 6785.0, 638.0, 29.0
6870, 6341.0, 14719.0, 6799.0, 611.0, 28.0
6871, 6339.0, 14723.0, 6756.0, 609.0, 28.0
6872, 6337.0, 15072.0, 6681.0, 603.0, 29.0
6873, 6335.0, 16393.0, 6914.0, 678.0, 30.0
6874, 6334.0, 15895.0, 6743.0, 638.0, 30.0
6875, 6333.0, 15436.0, 6798.0, 639.0, 29.0
6876, 6332.0, 14675.0, 6768.0, 615.0, 28.0
6877, 6330.0, 14739.0, 6746.0, 614.0, 28.0
6878, 6329.0, 14552.0, 6721.0, 601.0, 28.0
6879, 6328.0, 14045.0, 6762.0, 599.0, 27.0
6880, 6326.0, 14778.0, 6831.0, 610.0, 28.0
6881, 6324.0, 14490.0, 6653.0, 598.0, 28.0
6882, 6323.0, 14479.0, 6700.0, 601.0, 28.0
6883, 6321.0, 14400.0, 6622.0, 597.0, 28.0
6884, 6319.0, 15059.0, 6629.0, 614.0, 29.0
6885, 6317.0, 15196.0, 6667.0, 612.0, 29.0
6886, 6316.0, 15330.0, 6679.0, 649.0, 29.0
6887, 6315.0, 14407.0, 6613.0, 603.0, 28.0
6888, 6314.0, 14111.0, 6760.0, 600.0, 27.0
6889, 6313.0, 14153.0, 6834.0, 607.0, 27.0
6890, 6311.0, 14371.0, 6662.0, 591.0, 28.0
6891, 6305.0, 16448.0, 6499.0, 585.0, 32.0
6892, 6302.0, 18373.0, 6680.0, 643.0, 34.0
6893, 6303.0, 18989.0, 6654.0, 748.0, 34.0
6894, 6303.0, 16796.0, 6746.0, 686.0, 31.0
6895, 6302.0, 16063.0, 6723.0, 676.0, 30.0
6896, 6301.0, 15519.0, 6800.0, 647.0, 29.0
6897, 6299.0, 15060.0, 6653.0, 607.0, 29.0
6898, 6298.0, 14997.0, 6921.0, 636.0, 28.0
6899, 6296.0, 14810.0, 6812.0, 612.0, 28.0
6900, 6295.0, 14869.0, 6888.0, 618.0, 28.0
6901, 6293.0, 14660.0, 6742.0, 606.0, 28.0
6902, 6291.0, 14521.0, 6639.0, 603.0, 28.0
6903, 6290.0, 14802.0, 6834.0, 609.0, 28.0
6904, 6288.0, 14588.0, 6704.0, 604.0, 28.0
6905, 6287.0, 13962.0, 6738.0, 601.0, 27.0
6906, 6284.0, 15341.0, 6788.0, 614.0, 29.0
6907, 6283.0, 14461.0, 6667.0, 601.0, 28.0
6908, 6281.0, 14512.0, 6678.0, 605.0, 28.0
6909, 6279.0, 14588.0, 6696.0, 601.0, 28.0
6910, 6278.0, 14905.0, 6919.0, 622.0, 28.0
6911, 6273.0, 16664.0, 6741.0, 642.0, 31.0
6912, 6273.0, 15057.0, 6645.0, 615.0, 29.0
6913, 6272.0, 15035.0, 6636.0, 597.0, 29.0
6914, 6270.0, 15087.0, 6640.0, 614.0, 29.0
6915, 6269.0, 15439.0, 6800.0, 660.0, 29.0
6916, 6268.0, 14028.0, 6777.0, 608.0, 27.0
6917, 6266.0, 13829.0, 6648.0, 593.0, 27.0
6918, 6264.0, 14067.0, 6759.0, 602.0, 27.0
6919, 6262.0, 15466.0, 6874.0, 633.0, 29.0
6920, 6260.0, 15158.0, 6982.0, 632.0, 28.0
6921, 6258.0, 15093.0, 6913.0, 635.0, 28.0
6922, 6257.0, 14439.0, 6975.0, 637.0, 27.0
6923, 6255.0, 14297.0, 6869.0, 610.0, 27.0
6924, 6253.0, 14204.0, 6823.0, 611.0, 27.0
6925, 6251.0, 14653.0, 6786.0, 616.0, 28.0
6926, 6249.0, 15048.0, 6918.0, 657.0, 28.0
6927, 6247.0, 14763.0, 6748.0, 630.0, 28.0
6928, 6245.0, 14130.0, 6767.0, 617.0, 27.0
6929, 6243.0, 14987.0, 6877.0, 653.0, 28.0
6930, 6241.0, 14846.0, 6779.0, 647.0, 28.0
6931, 6240.0, 20857.0, 6664.0, 606.0, 41.0
6932, 6237.0, 21024.0, 6705.0, 629.0, 40.0
6933, 6234.0, 17198.0, 6693.0, 670.0, 32.0
6934, 6232.0, 16199.0, 6851.0, 672.0, 30.0
6935, 6230.0, 15378.0, 6677.0, 653.0, 29.0
6936, 6230.0, 14303.0, 6927.0, 632.0, 27.0
6937, 6228.0, 14745.0, 6824.0, 645.0, 28.0
6938, 6226.0, 14132.0, 6779.0, 622.0, 27.0
6939, 6225.0, 13414.0, 6770.0, 604.0, 26.0
6940, 6223.0, 13926.0, 6809.0, 616.0, 27.0
6941, 6221.0, 14481.0, 6761.0, 609.0, 28.0
6942, 6218.0, 19047.0, 6746.0, 635.0, 36.0
6943, 6217.0, 17813.0, 6804.0, 609.0, 34.0
6944, 6215.0, 16937.0, 6806.0, 635.0, 32.0
6945, 6203.0, 20506.0, 6696.0, 647.0, 38.0
6946, 6202.0, 20094.0, 6597.0, 673.0, 37.0
6947, 6207.0, 16150.0, 6735.0, 712.0, 30.0
6948, 6205.0, 17015.0, 6744.0, 717.0, 31.0
6949, 6200.0, 20178.0, 6577.0, 680.0, 37.0
6950, 6196.0, 20012.0, 6836.0, 752.0, 35.0
6951, 6196.0, 17402.0, 6549.0, 641.0, 33.0
6952, 6198.0, 15920.0, 6742.0, 639.0, 30.0
6953, 6196.0, 18212.0, 6823.0, 629.0, 34.0
6954, 6194.0, 15653.0, 6941.0, 685.0, 29.0
6955, 6192.0, 15294.0, 6783.0, 630.0, 29.0
6956, 6190.0, 14111.0, 6784.0, 617.0, 27.0
6957, 6188.0, 14124.0, 6791.0, 622.0, 27.0
6958, 6186.0, 14003.0, 6758.0, 612.0, 27.0
6959, 6184.0, 14376.0, 6648.0, 611.0, 28.0
6960, 6182.0, 14577.0, 6763.0, 627.0, 28.0
6961, 6180.0, 14499.0, 6710.0, 623.0, 28.0
6962, 6178.0, 13826.0, 6637.0, 605.0, 27.0
6963, 6177.0, 13585.0, 6876.0, 613.0, 26.0
6964, 6174.0, 14663.0, 6801.0, 624.0, 28.0
6965, 6172.0, 13947.0, 6725.0, 611.0, 27.0
6966, 6170.0, 14526.0, 6710.0, 618.0, 28.0
6967, 6168.0, 13961.0, 6699.0, 614.0, 27.0
6968, 6166.0, 13777.0, 6640.0, 605.0, 27.0
6969, 6164.0, 14202.0, 6794.0, 630.0, 27.0
6970, 6163.0, 13945.0, 6786.0, 622.0, 27.0
6971, 6161.0, 14138.0, 6811.0, 643.0, 27.0
6972, 6159.0, 13989.0, 6731.0, 623.0, 27.0
6973, 6157.0, 13835.0, 6700.0, 611.0, 27.0
6974, 6155.0, 14049.0, 6766.0, 634.0, 27.0
6975, 6154.0, 14456.0, 6969.0, 670.0, 27.0
6976, 6155.0, 14418.0, 6705.0, 585.0, 28.0
7027, 5423.0, 11764.0, 6737.0, 557.0, 23.0
7042, 3254.0, 11847.0, 6515.0, 543.0, 24.0
7043, 3259.0, 8248.0, 6353.0, 500.0, 17.0
7061, 3854.0, 12845.0, 6463.0, 545.0, 26.0
7062, 3856.0, 14014.0, 6508.0, 534.0, 28.0
7063, 3864.0, 9757.0, 6418.0, 512.0, 20.0
7064, 3862.0, 11330.0, 6483.0, 524.0, 23.0
7065, 3744.0, 19177.0, 6983.0, 822.0, 33.0
7065, 3863.0, 10965.0, 6550.0, 529.0, 22.0
7066, 3743.0, 46121.0, 7155.0, 1856.0, 67.0
7066, 3868.0, 8672.0, 6346.0, 506.0, 18.0
7067, 3744.0, 46646.0, 6797.0, 1739.0, 66.0
7068, 3747.0, 42312.0, 6465.0, 1993.0, 51.0
7068, 3869.0, 9786.0, 6430.0, 509.0, 20.0
7069, 3754.0, 72557.0, 6571.0, 2071.0, 121.0
7070, 3761.0, 41606.0, 6654.0, 2122.0, 49.0
7071, 3767.0, 44123.0, 6528.0, 2036.0, 64.0
7072, 3754.0, 45450.0, 6679.0, 2119.0, 60.0
7073, 3756.0, 49664.0, 6476.0, 2245.0, 62.0
7074, 3767.0, 46303.0, 6510.0, 2095.0, 60.0
7075, 3775.0, 33224.0, 6611.0, 1909.0, 41.0
7076, 3775.0, 33137.0, 6717.0, 1964.0, 40.0
7077, 3774.0, 34381.0, 6683.0, 2057.0, 41.0
7078, 3772.0, 31286.0, 6513.0, 1884.0, 39.0
7079, 3769.0, 31755.0, 6510.0, 1781.0, 41.0
7080, 3761.0, 35220.0, 6450.0, 1830.0, 45.0
7081, 3742.0, 45694.0, 6487.0, 1801.0, 61.0
7082, 3742.0, 44137.0, 6544.0, 1914.0, 56.0
7083, 3741.0, 39103.0, 6500.0, 1720.0, 49.0
7084, 3734.0, 41207.0, 6474.0, 1714.0, 51.0
7085, 3729.0, 41024.0, 6607.0, 1787.0, 50.0
7086, 3726.0, 36146.0, 6626.0, 1737.0, 44.0
7087, 3720.0, 34573.0, 6567.0, 1467.0, 49.0
7088, 3713.0, 31445.0, 6564.0, 1458.0, 43.0
7089, 3709.0, 39799.0, 6628.0, 1308.0, 67.0
7090, 3706.0, 25161.0, 6789.0, 1149.0, 38.0
7091, 3705.0, 18452.0, 6867.0, 859.0, 32.0
7092, 3706.0, 13968.0, 6815.0, 644.0, 27.0
7093, 3449.0, 11798.0, 6482.0, 544.0, 24.0
7093, 3706.0, 13042.0, 6616.0, 586.0, 26.0
7094, 3708.0, 12988.0, 6561.0, 555.0, 26.0
7200, 3346.0, 15689.0, 6952.0, 705.0, 29.0
7215, 3405.0, 16755.0, 7057.0, 680.0, 31.0
7264, 3590.0, 19463.0, 7047.0, 894.0, 33.0
7265, 3592.0, 18907.0, 6750.0, 752.0, 34.0
7266, 3592.0, 21170.0, 6710.0, 814.0, 37.0
7267, 3602.0, 17642.0, 6797.0, 821.0, 31.0
7268, 3608.0, 16776.0, 7026.0, 796.0, 30.0
7269, 3612.0, 15832.0, 6892.0, 717.0, 29.0
7270, 3618.0, 14508.0, 7068.0, 682.0, 27.0
7271, 3622.0, 14452.0, 7042.0, 696.0, 27.0
7272, 3625.0, 14314.0, 6932.0, 666.0, 27.0
7273, 3629.0, 14588.0, 7022.0, 675.0, 27.0
7274, 3633.0, 14599.0, 7061.0, 676.0, 27.0
7275, 3637.0, 13975.0, 6725.0, 651.0, 27.0
7276, 3641.0, 14362.0, 6909.0, 658.0, 27.0
7277, 3645.0, 15147.0, 7012.0, 691.0, 28.0
7278, 3648.0, 16939.0, 6747.0, 743.0, 31.0
7278, 4161.0, 9190.0, 6333.0, 504.0, 19.0
7279, 3653.0, 14346.0, 6938.0, 666.0, 27.0
7280, 3654.0, 16310.0, 6655.0, 725.0, 30.0
7281, 3646.0, 22320.0, 6452.0, 678.0, 41.0
7282, 3636.0, 28649.0, 6637.0, 672.0, 55.0
7283, 3667.0, 14955.0, 6841.0, 683.0, 28.0
7284, 3671.0, 14823.0, 6795.0, 679.0, 28.0
7285, 3676.0, 14428.0, 7026.0, 693.0, 27.0
7286, 3679.0, 14152.0, 6797.0, 661.0, 27.0
7287, 3683.0, 14214.0, 6837.0, 680.0, 27.0
7288, 3687.0, 15309.0, 7059.0, 723.0, 28.0
7289, 3690.0, 18621.0, 6999.0, 867.0, 32.0
7290, 3692.0, 15725.0, 6751.0, 726.0, 29.0
7291, 3692.0, 22051.0, 6859.0, 877.0, 37.0
7292, 3695.0, 23760.0, 6782.0, 981.0, 38.0
7293, 3703.0, 16239.0, 6814.0, 686.0, 30.0
7294, 3710.0, 14327.0, 6962.0, 674.0, 27.0
7295, 3713.0, 14076.0, 6748.0, 667.0, 27.0
7296, 3717.0, 14675.0, 6832.0, 687.0, 28.0
7297, 3721.0, 14604.0, 6847.0, 666.0, 28.0
7298, 3725.0, 13904.0, 6736.0, 648.0, 27.0
7299, 3728.0, 14661.0, 6784.0, 671.0, 28.0
7300, 3731.0, 14995.0, 6591.0, 659.0, 29.0
7301, 3736.0, 14120.0, 6823.0, 655.0, 27.0
7302, 3739.0, 16490.0, 6913.0, 758.0, 30.0
7303, 3742.0, 18076.0, 6849.0, 796.0, 32.0
7304, 3746.0, 18320.0, 6814.0, 736.0, 33.0
7305, 3750.0, 22722.0, 6876.0, 690.0, 42.0
7306, 3754.0, 24357.0, 6829.0, 659.0, 47.0
7307, 3758.0, 20831.0, 6952.0, 680.0, 40.0
7308, 3761.0, 22179.0, 6766.0, 666.0, 42.0
7309, 3766.0, 20181.0, 6938.0, 660.0, 38.0
7310, 3769.0, 14976.0, 6918.0, 673.0, 28.0
7311, 3773.0, 14121.0, 6876.0, 651.0, 27.0
7312, 3776.0, 18712.0, 6974.0, 745.0, 33.0
7313, 3778.0, 17795.0, 6757.0, 759.0, 32.0
7314, 3779.0, 22355.0, 6618.0, 803.0, 39.0
7315, 3781.0, 20286.0, 6456.0, 676.0, 38.0
7316, 3790.0, 14500.0, 6995.0, 695.0, 27.0
7317, 3793.0, 20320.0, 6816.0, 667.0, 39.0
7318, 3780.0, 30935.0, 6630.0, 666.0, 57.0
7319, 3780.0, 30691.0, 6423.0, 714.0, 58.0
7320, 3792.0, 26061.0, 6525.0, 707.0, 48.0
7321, 3799.0, 22389.0, 6626.0, 668.0, 42.0
7322, 3810.0, 24917.0, 6862.0, 679.0, 46.0
7323, 3812.0, 20035.0, 6877.0, 825.0, 34.0
7324, 3763.0, 16374.0, 6424.0, 537.0, 33.0
7324, 3807.0, 21983.0, 6481.0, 901.0, 38.0
7325, 3770.0, 42033.0, 6394.0, 730.0, 79.0
7326, 3822.0, 14025.0, 6722.0, 658.0, 27.0
7327, 3825.0, 15505.0, 6798.0, 687.0, 29.0
7328, 3829.0, 14567.0, 7130.0, 687.0, 27.0
7329, 3832.0, 14531.0, 7037.0, 672.0, 27.0
7330, 3835.0, 14637.0, 7062.0, 689.0, 27.0
7331, 3838.0, 14187.0, 6840.0, 659.0, 27.0
7332, 3841.0, 14365.0, 6963.0, 671.0, 27.0
7333, 3844.0, 14448.0, 6942.0, 681.0, 27.0
7334, 3847.0, 14876.0, 7152.0, 712.0, 27.0
7335, 3850.0, 15179.0, 7014.0, 690.0, 28.0
7336, 3853.0, 15041.0, 6926.0, 686.0, 28.0
7337, 3856.0, 14513.0, 6947.0, 683.0, 27.0
7338, 3859.0, 14986.0, 6908.0, 679.0, 28.0
7339, 3862.0, 14484.0, 6954.0, 669.0, 27.0
7340, 3865.0, 14356.0, 6924.0, 683.0, 27.0
7341, 3868.0, 14273.0, 6883.0, 673.0, 27.0
7342, 3871.0, 15087.0, 6971.0, 701.0, 28.0
7343, 3874.0, 14387.0, 6924.0, 659.0, 27.0
7344, 3877.0, 14593.0, 7029.0, 681.0, 27.0
7345, 3879.0, 15315.0, 6994.0, 695.0, 28.0
7346, 3882.0, 16247.0, 7139.0, 730.0, 29.0
7347, 3885.0, 15305.0, 7017.0, 694.0, 28.0
7348, 3888.0, 15270.0, 7027.0, 680.0, 28.0
7349, 3891.0, 15177.0, 6956.0, 686.0, 28.0
7350, 3894.0, 15166.0, 6972.0, 688.0, 28.0
7351, 3897.0, 15507.0, 7072.0, 711.0, 28.0
7352, 3900.0, 15160.0, 7004.0, 690.0, 28.0
7353, 3903.0, 15341.0, 7035.0, 703.0, 28.0
7354, 3905.0, 15018.0, 6822.0, 687.0, 28.0
7355, 3909.0, 14538.0, 6971.0, 690.0, 27.0
7356, 3912.0, 14583.0, 7030.0, 690.0, 27.0
7357, 3914.0, 15852.0, 6956.0, 710.0, 29.0
7358, 3917.0, 15381.0, 7042.0, 692.0, 28.0
7359, 3920.0, 15068.0, 6919.0, 698.0, 28.0
7360, 3922.0, 15247.0, 6671.0, 700.0, 29.0
7361, 3925.0, 14031.0, 6672.0, 646.0, 27.0
7362, 3928.0, 14307.0, 6861.0, 665.0, 27.0
7363, 3930.0, 14953.0, 6789.0, 696.0, 28.0
7364, 3932.0, 14940.0, 6526.0, 655.0, 29.0
7365, 3935.0, 15317.0, 6691.0, 688.0, 29.0
7366, 3939.0, 14027.0, 6739.0, 652.0, 27.0
7367, 3941.0, 14504.0, 6621.0, 648.0, 28.0
7368, 3944.0, 14019.0, 6423.0, 640.0, 28.0
7369, 3947.0, 14597.0, 6711.0, 658.0, 28.0
7370, 3949.0, 14872.0, 6513.0, 660.0, 29.0
7371, 3817.0, 10437.0, 6251.0, 508.0, 22.0
7371, 3857.0, 7991.0, 6143.0, 486.0, 17.0
7371, 3952.0, 14472.0, 6592.0, 664.0, 28.0
7372, 3854.0, 10533.0, 6311.0, 512.0, 22.0
7372, 3955.0, 13984.0, 6669.0, 664.0, 27.0
7373, 3850.0, 11096.0, 6363.0, 520.0, 23.0
7373, 3957.0, 15353.0, 6659.0, 720.0, 29.0
7374, 3848.0, 12532.0, 6627.0, 576.0, 25.0
7374, 3959.0, 15973.0, 6827.0, 762.0, 29.0
7375, 3962.0, 16127.0, 6668.0, 728.0, 30.0
7376, 3965.0, 15426.0, 6730.0, 688.0, 29.0
7377, 3969.0, 14321.0, 6952.0, 683.0, 27.0
7378, 3971.0, 14793.0, 6846.0, 689.0, 28.0
7379, 3973.0, 14844.0, 6739.0, 689.0, 28.0
7380, 3976.0, 14921.0, 6850.0, 666.0, 28.0
7381, 3979.0, 16024.0, 6770.0, 681.0, 30.0
7382, 3983.0, 12980.0, 6542.0, 562.0, 26.0
7447, 6964.0, 12727.0, 6713.0, 589.0, 25.0
7448, 6966.0, 13901.0, 6661.0, 592.0, 27.0
7449, 6973.0, 14166.0, 6907.0, 620.0, 27.0
7450, 6981.0, 13436.0, 6811.0, 582.0, 26.0
7451, 6988.0, 13367.0, 6767.0, 576.0, 26.0
7452, 6995.0, 13389.0, 6779.0, 601.0, 26.0
7453, 7002.0, 14579.0, 6796.0, 593.0, 28.0
7454, 7008.0, 14452.0, 6706.0, 582.0, 28.0
7455, 7017.0, 13254.0, 6699.0, 577.0, 26.0
7456, 7024.0, 14028.0, 6549.0, 589.0, 28.0
7456, 7067.0, 20869.0, 6567.0, 588.0, 41.0
7457, 7031.0, 13914.0, 6744.0, 588.0, 27.0
7457, 7067.0, 27641.0, 6594.0, 588.0, 52.0
7458, 7039.0, 13076.0, 6597.0, 568.0, 26.0
7458, 7087.0, 26360.0, 6441.0, 617.0, 49.0
7458, 7180.0, 10653.0, 6379.0, 517.0, 22.0
7459, 7045.0, 13480.0, 6523.0, 567.0, 27.0
7459, 7114.0, 13371.0, 6465.0, 560.0, 27.0
7459, 7184.0, 9086.0, 6284.0, 499.0, 19.0
7460, 7053.0, 13148.0, 6630.0, 566.0, 26.0
7461, 7060.0, 13012.0, 6543.0, 561.0, 26.0
7462, 7068.0, 12457.0, 6585.0, 558.0, 25.0
7463, 7074.0, 13585.0, 6586.0, 569.0, 27.0
7464, 7082.0, 13121.0, 6597.0, 562.0, 26.0
7465, 7090.0, 12781.0, 6740.0, 573.0, 25.0
7466, 7097.0, 13297.0, 6743.0, 573.0, 26.0
7467, 7104.0, 13155.0, 6640.0, 568.0, 26.0
7467, 7226.0, 10741.0, 6426.0, 515.0, 22.0
7468, 7111.0, 13773.0, 6682.0, 575.0, 27.0
7468, 7204.0, 31620.0, 6709.0, 672.0, 56.0
7469, 7118.0, 14243.0, 6900.0, 619.0, 27.0
7469, 7202.0, 33917.0, 6692.0, 634.0, 65.0
7470, 7124.0, 15785.0, 6687.0, 648.0, 30.0
7470, 7202.0, 12979.0, 6537.0, 559.0, 26.0
7470, 7244.0, 17274.0, 6768.0, 671.0, 32.0
7471, 7131.0, 15063.0, 6683.0, 605.0, 29.0
7471, 7205.0, 11934.0, 6558.0, 536.0, 24.0
7471, 7247.0, 17013.0, 6811.0, 736.0, 31.0
7472, 7140.0, 13245.0, 6707.0, 577.0, 26.0
7472, 7203.0, 11420.0, 6567.0, 547.0, 23.0
7472, 7257.0, 12620.0, 6681.0, 557.0, 25.0
7472, 7297.0, 11883.0, 6516.0, 547.0, 24.0
7473, 7147.0, 13895.0, 6771.0, 590.0, 27.0
7473, 7263.0, 12739.0, 6703.0, 571.0, 25.0
7473, 7297.0, 16345.0, 6552.0, 550.0, 32.0
7474, 7154.0, 13850.0, 6719.0, 576.0, 27.0
7474, 7269.0, 13882.0, 6746.0, 578.0, 27.0
7475, 7161.0, 14393.0, 6686.0, 587.0, 28.0
7475, 7276.0, 14964.0, 6746.0, 585.0, 29.0
7476, 7167.0, 14183.0, 6561.0, 573.0, 28.0
7476, 7277.0, 18734.0, 6586.0, 638.0, 35.0
7477, 7176.0, 13101.0, 6646.0, 566.0, 26.0
7477, 7277.0, 21071.0, 6625.0, 639.0, 40.0
7478, 7182.0, 13644.0, 6606.0, 564.0, 27.0
7478, 7294.0, 19477.0, 6916.0, 796.0, 34.0
7479, 7182.0, 18765.0, 6756.0, 624.0, 35.0
7479, 7304.0, 15854.0, 7052.0, 712.0, 29.0
7480, 7183.0, 21008.0, 6325.0, 568.0, 42.0
7480, 7307.0, 16341.0, 6561.0, 670.0, 31.0
7480, 7578.0, 13450.0, 6482.0, 559.0, 27.0
7481, 7203.0, 14809.0, 6604.0, 575.0, 29.0
7481, 7312.0, 16629.0, 6710.0, 681.0, 31.0
7481, 7579.0, 12488.0, 6578.0, 561.0, 25.0
7482, 7211.0, 13826.0, 6690.0, 578.0, 27.0
7482, 7319.0, 15313.0, 6799.0, 645.0, 29.0
7483, 7219.0, 13965.0, 6771.0, 572.0, 27.0
7483, 7325.0, 12916.0, 6796.0, 581.0, 25.0
7484, 7226.0, 13740.0, 6639.0, 565.0, 27.0
7485, 7234.0, 13293.0, 6749.0, 571.0, 26.0
7486, 7241.0, 13873.0, 6734.0, 577.0, 27.0
7487, 7247.0, 14402.0, 6658.0, 588.0, 28.0
7504, 7367.0, 14917.0, 6675.0, 569.0, 29.0
7505, 7376.0, 17654.0, 6812.0, 593.0, 33.0
7506, 7382.0, 14719.0, 6846.0, 602.0, 28.0
7507, 7390.0, 13893.0, 6738.0, 573.0, 27.0
7508, 7396.0, 14943.0, 6925.0, 636.0, 28.0
7509, 7404.0, 13934.0, 6779.0, 572.0, 27.0
7510, 7411.0, 14002.0, 6790.0, 573.0, 27.0
7511, 7418.0, 13935.0, 6724.0, 572.0, 27.0
7512, 7426.0, 13123.0, 6662.0, 559.0, 26.0
7513, 7432.0, 14168.0, 6807.0, 587.0, 27.0
7514, 7440.0, 13091.0, 6591.0, 559.0, 26.0
7515, 7446.0, 13682.0, 6589.0, 562.0, 27.0
7516, 7454.0, 14066.0, 6809.0, 577.0, 27.0
7517, 7460.0, 14478.0, 6707.0, 581.0, 28.0
7518, 7468.0, 14217.0, 6896.0, 583.0, 27.0
7519, 7475.0, 13256.0, 6678.0, 566.0, 26.0
7520, 7482.0, 13638.0, 6607.0, 559.0, 27.0
7521, 7489.0, 13597.0, 6563.0, 556.0, 27.0
7522, 7496.0, 13472.0, 6511.0, 558.0, 27.0
7523, 7503.0, 15000.0, 6699.0, 583.0, 29.0
7524, 7509.0, 14258.0, 6603.0, 569.0, 28.0
7525, 7517.0, 15448.0, 6637.0, 596.0, 30.0
7526, 7522.0, 15064.0, 6740.0, 588.0, 29.0
7527, 7531.0, 13501.0, 6534.0, 555.0, 27.0
7528, 7538.0, 13609.0, 6565.0, 559.0, 27.0
7529, 7545.0, 13779.0, 6652.0, 564.0, 27.0
7530, 7553.0, 13168.0, 6681.0, 557.0, 26.0
7530, 7589.0, 9306.0, 6422.0, 512.0, 19.0
7531, 7560.0, 14001.0, 6791.0, 577.0, 27.0
7531, 7591.0, 8974.0, 6519.0, 514.0, 18.0
7532, 7565.0, 15096.0, 6719.0, 598.0, 29.0
7533, 7574.0, 23436.0, 6580.0, 568.0, 45.0
7534, 7579.0, 26078.0, 6641.0, 629.0, 49.0
7535, 7587.0, 28691.0, 6642.0, 567.0, 55.0
7552, 7707.0, 27907.0, 6492.0, 601.0, 55.0
7553, 7714.0, 27636.0, 6567.0, 638.0, 53.0
7554, 7721.0, 26734.0, 6565.0, 658.0, 51.0
7555, 7728.0, 27277.0, 6625.0, 729.0, 50.0
7556, 7736.0, 23897.0, 6672.0, 624.0, 45.0
7557, 7743.0, 22177.0, 6675.0, 566.0, 43.0
7558, 7750.0, 22250.0, 6655.0, 578.0, 43.0
7559, 7757.0, 22250.0, 6712.0, 603.0, 42.0
7560, 7763.0, 22289.0, 6594.0, 597.0, 42.0
7561, 7766.0, 23180.0, 6450.0, 582.0, 44.0
7562, 7768.0, 25332.0, 6445.0, 572.0, 49.0
7563, 7761.0, 32678.0, 6600.0, 595.0, 60.0
7564, 7754.0, 41118.0, 6575.0, 698.0, 75.0
7565, 7752.0, 12014.0, 6623.0, 563.0, 24.0
7565, 7800.0, 17253.0, 6680.0, 597.0, 33.0
7566, 7755.0, 7929.0, 6474.0, 509.0, 16.0
7679, 7287.0, 9169.0, 6325.0, 502.0, 19.0
7709, 6998.0, 10015.0, 6586.0, 527.0, 20.0
7711, 7269.0, 11274.0, 6460.0, 511.0, 23.0
7795, 4011.0, 13398.0, 6425.0, 519.0, 27.0
7796, 4009.0, 43715.0, 6737.0, 625.0, 79.0
7797, 4012.0, 54227.0, 6427.0, 622.0, 99.0
7798, 4051.0, 30720.0, 6424.0, 555.0, 60.0
8018, 3265.0, 7701.0, 6287.0, 497.0, 16.0
8233, 5711.0, 12416.0, 6529.0, 532.0, 25.0
8234, 5711.0, 13238.0, 6661.0, 547.0, 26.0
