4815, 6653.0, 9592.0, 6308.0, 508.0, 20.0
4837, 3599.0, 8574.0, 6260.0, 503.0, 18.0
4837, 3810.0, 7373.0, 5933.0, 482.0, 16.0
4837, 4112.0, 7873.0, 5975.0, 491.0, 17.0
4837, 4133.0, 10705.0, 5965.0, 502.0, 23.0
4837, 5319.0, 7904.0, 5992.0, 485.0, 17.0
4837, 6175.0, 8109.0, 6235.0, 504.0, 17.0
4837, 6481.0, 7571.0, 6173.0, 499.0, 16.0
4837, 6639.0, 7587.0, 6231.0, 500.0, 16.0
4837, 6918.0, 8130.0, 6318.0, 500.0, 17.0
4837, 7434.0, 8390.0, 5992.0, 486.0, 18.0
4839, 3466.0, 7987.0, 6053.0, 496.0, 17.0
4839, 3599.0, 8638.0, 6308.0, 507.0, 18.0
4839, 3810.0, 7879.0, 5944.0, 486.0, 17.0
4839, 4111.0, 8422.0, 6047.0, 499.0, 18.0
4839, 4133.0, 11243.0, 5987.0, 505.0, 24.0
4839, 5229.0, 7473.0, 6002.0, 498.0, 16.0
4839, 5319.0, 12799.0, 6027.0, 504.0, 27.0
4839, 5403.0, 7648.0, 6202.0, 503.0, 16.0
4839, 6175.0, 8172.0, 6280.0, 506.0, 17.0
4839, 6310.0, 7592.0, 6223.0, 503.0, 16.0
4839, 6481.0, 7616.0, 6218.0, 502.0, 16.0
4839, 6638.0, 8602.0, 6323.0, 505.0, 18.0
4839, 6916.0, 9628.0, 6415.0, 509.0, 20.0
4839, 7186.0, 7404.0, 6042.0, 488.0, 16.0
4839, 7223.0, 14308.0, 6322.0, 505.0, 30.0
4839, 7434.0, 8438.0, 6030.0, 493.0, 18.0
4839, 7758.0, 7677.0, 6311.0, 502.0, 16.0
4857, 6986.0, 11251.0, 6405.0, 516.0, 23.0
4858, 6987.0, 11801.0, 6501.0, 540.0, 24.0
4905, 6796.0, 11272.0, 6447.0, 521.0, 23.0
4906, 6796.0, 11330.0, 6450.0, 520.0, 23.0
5008, 6191.0, 12356.0, 6768.0, 564.0, 24.0
5009, 6191.0, 15393.0, 7066.0, 720.0, 28.0
5010, 6193.0, 17022.0, 6733.0, 718.0, 31.0
5011, 6198.0, 17549.0, 6675.0, 713.0, 32.0
5012, 6204.0, 17087.0, 6842.0, 726.0, 31.0
5012, 6287.0, 8855.0, 6458.0, 513.0, 18.0
5013, 6210.0, 16532.0, 6965.0, 737.0, 30.0
5013, 6287.0, 8324.0, 6410.0, 506.0, 17.0
5014, 6214.0, 16637.0, 6702.0, 690.0, 31.0
5015, 6219.0, 16660.0, 6900.0, 721.0, 30.0
5016, 6224.0, 16787.0, 6750.0, 692.0, 31.0
5017, 6229.0, 16915.0, 6794.0, 709.0, 31.0
5018, 6234.0, 17203.0, 6783.0, 744.0, 31.0
5019, 6239.0, 17055.0, 6790.0, 702.0, 31.0
5020, 6245.0, 16279.0, 6841.0, 689.0, 30.0
5021, 6250.0, 16460.0, 6923.0, 698.0, 30.0
5022, 6255.0, 16825.0, 6787.0, 697.0, 31.0
5023, 6260.0, 16800.0, 6755.0, 690.0, 31.0
5024, 6266.0, 16345.0, 6930.0, 697.0, 30.0
5025, 6271.0, 16513.0, 6936.0, 695.0, 30.0
5026, 6276.0, 15979.0, 6732.0, 668.0, 30.0
5027, 6282.0, 15371.0, 6811.0, 664.0, 29.0
5028, 6286.0, 16651.0, 6729.0, 689.0, 31.0
5029, 6290.0, 16922.0, 6806.0, 702.0, 31.0
5030, 6295.0, 18113.0, 6984.0, 753.0, 32.0
5031, 6300.0, 16215.0, 6826.0, 673.0, 30.0
5032, 6305.0, 16386.0, 6833.0, 702.0, 30.0
5033, 6310.0, 15608.0, 6904.0, 685.0, 29.0
5034, 6315.0, 16181.0, 6862.0, 675.0, 30.0
5035, 6320.0, 16209.0, 6837.0, 686.0, 30.0
5036, 6325.0, 17586.0, 6900.0, 712.0, 32.0
5037, 6330.0, 14679.0, 6762.0, 626.0, 28.0
5038, 6336.0, 13152.0, 6964.0, 598.0, 25.0
5039, 6338.0, 14522.0, 6729.0, 603.0, 28.0
5040, 6343.0, 13970.0, 6810.0, 607.0, 27.0
5041, 6346.0, 15735.0, 7004.0, 649.0, 29.0
5042, 6347.0, 17448.0, 6721.0, 683.0, 32.0
5043, 6334.0, 25364.0, 6621.0, 643.0, 48.0
5044, 6341.0, 22801.0, 6435.0, 596.0, 45.0
5045, 6362.0, 20578.0, 6632.0, 619.0, 39.0
5046, 6367.0, 14588.0, 6740.0, 623.0, 28.0
5047, 6371.0, 14642.0, 6805.0, 611.0, 28.0
5048, 6375.0, 14717.0, 6858.0, 632.0, 28.0
5049, 6376.0, 16570.0, 6739.0, 629.0, 31.0
5050, 6383.0, 14375.0, 6638.0, 607.0, 28.0
5051, 6388.0, 14443.0, 6742.0, 609.0, 28.0
5052, 6392.0, 15857.0, 6849.0, 638.0, 30.0
5053, 6394.0, 18686.0, 6787.0, 712.0, 34.0
5054, 6397.0, 18595.0, 6966.0, 714.0, 33.0
5055, 6403.0, 15354.0, 6766.0, 635.0, 29.0
5056, 6405.0, 16355.0, 6590.0, 670.0, 31.0
5057, 6409.0, 25545.0, 6579.0, 639.0, 50.0
5058, 6415.0, 24221.0, 6666.0, 629.0, 47.0
5059, 6420.0, 21443.0, 6865.0, 654.0, 40.0
5060, 6423.0, 15869.0, 6662.0, 653.0, 30.0
5061, 6428.0, 21649.0, 6633.0, 638.0, 42.0
5062, 6431.0, 21288.0, 6655.0, 660.0, 41.0
5063, 6435.0, 19554.0, 6625.0, 650.0, 38.0
5064, 6440.0, 17508.0, 6656.0, 614.0, 34.0
5065, 6443.0, 17117.0, 6637.0, 688.0, 32.0
5066, 6446.0, 18511.0, 6767.0, 775.0, 33.0
5067, 6450.0, 15670.0, 6469.0, 687.0, 30.0
5068, 6455.0, 14996.0, 6611.0, 630.0, 29.0
5069, 6459.0, 15244.0, 6712.0, 647.0, 29.0
5070, 6463.0, 14134.0, 6524.0, 606.0, 28.0
5071, 6467.0, 13778.0, 6640.0, 604.0, 27.0
5072, 6471.0, 13890.0, 6716.0, 614.0, 27.0
5073, 6475.0, 14130.0, 6566.0, 597.0, 28.0
5074, 6479.0, 14663.0, 6819.0, 635.0, 28.0
5075, 6483.0, 14470.0, 6722.0, 613.0, 28.0
5076, 6487.0, 14145.0, 6543.0, 610.0, 28.0
5077, 6491.0, 14365.0, 6639.0, 614.0, 28.0
5078, 6495.0, 14516.0, 6654.0, 618.0, 28.0
5079, 6499.0, 14958.0, 6659.0, 632.0, 29.0
5080, 6502.0, 15408.0, 6756.0, 671.0, 29.0
5081, 6506.0, 15840.0, 6723.0, 639.0, 30.0
5082, 6511.0, 15082.0, 6748.0, 616.0, 29.0
5083, 6515.0, 16872.0, 6828.0, 721.0, 31.0
5084, 6520.0, 16078.0, 6843.0, 689.0, 30.0
5085, 6524.0, 15272.0, 6759.0, 641.0, 29.0
5086, 6529.0, 13743.0, 6615.0, 592.0, 27.0
5087, 6532.0, 15157.0, 6729.0, 618.0, 29.0
5088, 6536.0, 14628.0, 6796.0, 631.0, 28.0
5089, 6540.0, 13962.0, 6808.0, 599.0, 27.0
5090, 6543.0, 14089.0, 6808.0, 607.0, 27.0
5091, 6546.0, 14172.0, 6838.0, 607.0, 27.0
5092, 6549.0, 13884.0, 6679.0, 594.0, 27.0
5093, 6553.0, 14743.0, 6871.0, 628.0, 28.0
5094, 6555.0, 14636.0, 6740.0, 615.0, 28.0
5095, 6558.0, 15514.0, 6922.0, 637.0, 29.0
5096, 6562.0, 15753.0, 6947.0, 668.0, 29.0
5097, 6566.0, 15186.0, 6716.0, 650.0, 29.0
5098, 6570.0, 15686.0, 6967.0, 679.0, 29.0
5099, 6574.0, 15685.0, 6955.0, 673.0, 29.0
5100, 6578.0, 15737.0, 7027.0, 679.0, 29.0
5101, 6581.0, 13989.0, 6701.0, 602.0, 27.0
5102, 6582.0, 15158.0, 6672.0, 621.0, 29.0
5103, 6585.0, 16503.0, 6670.0, 661.0, 31.0
5120, 6651.0, 13878.0, 6674.0, 608.0, 27.0
5121, 6654.0, 14510.0, 6681.0, 606.0, 28.0
5122, 6658.0, 14397.0, 6651.0, 610.0, 28.0
5123, 6662.0, 14638.0, 6814.0, 617.0, 28.0
5124, 6664.0, 16021.0, 6765.0, 657.0, 30.0
5125, 6664.0, 19602.0, 6872.0, 768.0, 34.0
5126, 6668.0, 17557.0, 6602.0, 641.0, 33.0
5127, 6677.0, 15153.0, 6792.0, 617.0, 29.0
5128, 6680.0, 16787.0, 6791.0, 675.0, 31.0
5129, 6684.0, 16917.0, 6886.0, 685.0, 31.0
5130, 6689.0, 15388.0, 6781.0, 657.0, 29.0
5131, 6693.0, 14567.0, 6737.0, 608.0, 28.0
5132, 6696.0, 14352.0, 6604.0, 607.0, 28.0
5133, 6700.0, 14666.0, 6821.0, 624.0, 28.0
5134, 6701.0, 16705.0, 6745.0, 665.0, 31.0
5135, 6700.0, 19384.0, 6657.0, 640.0, 36.0
5136, 6711.0, 14400.0, 6662.0, 606.0, 28.0
5137, 6715.0, 14486.0, 6723.0, 623.0, 28.0
5138, 6718.0, 14866.0, 6652.0, 613.0, 29.0
5139, 6721.0, 14611.0, 6479.0, 589.0, 29.0
5140, 6725.0, 16574.0, 6669.0, 686.0, 31.0
5141, 6728.0, 16526.0, 6662.0, 689.0, 31.0
5142, 6733.0, 15354.0, 6756.0, 647.0, 29.0
5143, 6737.0, 15750.0, 6644.0, 657.0, 30.0
5144, 6741.0, 15713.0, 6626.0, 661.0, 30.0
5145, 6745.0, 15489.0, 6824.0, 667.0, 29.0
5146, 6749.0, 15518.0, 6883.0, 653.0, 29.0
5147, 6752.0, 15205.0, 6693.0, 639.0, 29.0
5148, 6754.0, 14436.0, 6646.0, 595.0, 28.0
5149, 6752.0, 17508.0, 6658.0, 620.0, 33.0
5150, 6752.0, 19784.0, 6551.0, 656.0, 37.0
5151, 6763.0, 15187.0, 6756.0, 629.0, 29.0
5152, 6767.0, 14993.0, 6658.0, 637.0, 29.0
5153, 6770.0, 14743.0, 6550.0, 609.0, 29.0
5154, 6774.0, 14104.0, 6474.0, 583.0, 28.0
5155, 6778.0, 15362.0, 6836.0, 651.0, 29.0
5156, 6781.0, 16204.0, 6584.0, 650.0, 31.0
5157, 6784.0, 16215.0, 6712.0, 700.0, 30.0
5158, 6787.0, 16526.0, 6617.0, 674.0, 31.0
5159, 6791.0, 15366.0, 6761.0, 659.0, 29.0
5160, 6791.0, 16581.0, 6706.0, 655.0, 31.0
5161, 6768.0, 28129.0, 6282.0, 584.0, 56.0
5162, 6765.0, 12324.0, 6392.0, 526.0, 25.0
5162, 6799.0, 14249.0, 6545.0, 600.0, 28.0
5163, 6802.0, 14271.0, 6544.0, 603.0, 28.0
5164, 6805.0, 14013.0, 6436.0, 591.0, 28.0
5165, 6809.0, 14149.0, 6582.0, 594.0, 28.0
5166, 6811.0, 14609.0, 6456.0, 609.0, 29.0
5167, 6814.0, 14714.0, 6481.0, 606.0, 29.0
5168, 6817.0, 14863.0, 6610.0, 611.0, 29.0
5169, 6821.0, 14210.0, 6597.0, 589.0, 28.0
5170, 6825.0, 14624.0, 6799.0, 637.0, 28.0
5171, 6827.0, 14976.0, 6552.0, 630.0, 29.0
5172, 6830.0, 15315.0, 6504.0, 608.0, 30.0
5173, 6833.0, 16082.0, 6494.0, 632.0, 31.0
5174, 6832.0, 18038.0, 6562.0, 646.0, 34.0
5175, 6840.0, 16493.0, 6610.0, 672.0, 31.0
5176, 6844.0, 15786.0, 6627.0, 665.0, 30.0
5177, 6847.0, 15530.0, 6516.0, 639.0, 30.0
5178, 6851.0, 15129.0, 6684.0, 633.0, 29.0
5179, 6854.0, 14505.0, 6696.0, 623.0, 28.0
5180, 6857.0, 14474.0, 6651.0, 632.0, 28.0
5181, 6859.0, 14909.0, 6526.0, 613.0, 29.0
5182, 6864.0, 12951.0, 6531.0, 557.0, 26.0
5183, 6866.0, 15415.0, 6855.0, 656.0, 29.0
5184, 6868.0, 16851.0, 6734.0, 694.0, 31.0
5185, 6870.0, 16745.0, 6706.0, 707.0, 31.0
5186, 6873.0, 17717.0, 6804.0, 728.0, 32.0
5187, 6876.0, 17046.0, 6788.0, 714.0, 31.0
5188, 6880.0, 15785.0, 6627.0, 641.0, 30.0
5189, 6884.0, 16186.0, 6735.0, 703.0, 30.0
5190, 6886.0, 16526.0, 6625.0, 669.0, 31.0
5191, 6891.0, 15251.0, 6717.0, 648.0, 29.0
5192, 6894.0, 15219.0, 6653.0, 644.0, 29.0
5193, 6898.0, 15010.0, 6630.0, 635.0, 29.0
5194, 6901.0, 15084.0, 6636.0, 636.0, 29.0
5195, 6904.0, 15915.0, 6660.0, 660.0, 30.0
5196, 6907.0, 16145.0, 6739.0, 677.0, 30.0
5197, 6910.0, 16710.0, 6650.0, 709.0, 31.0
5198, 6913.0, 16621.0, 6674.0, 677.0, 31.0
5199, 6918.0, 15533.0, 6798.0, 677.0, 29.0
5219, 6064.0, 10996.0, 6556.0, 514.0, 22.0
5220, 6054.0, 13056.0, 6564.0, 519.0, 26.0
5221, 6047.0, 14120.0, 6564.0, 535.0, 28.0
5222, 6043.0, 11978.0, 6521.0, 513.0, 24.0
5223, 6035.0, 11049.0, 6564.0, 515.0, 22.0
5224, 6028.0, 9458.0, 6494.0, 506.0, 19.0
5225, 6021.0, 10367.0, 6454.0, 505.0, 21.0
5226, 6013.0, 9762.0, 6374.0, 499.0, 20.0
5227, 6004.0, 12385.0, 6460.0, 515.0, 25.0
5228, 5996.0, 12465.0, 6483.0, 513.0, 25.0
5229, 5989.0, 12999.0, 6502.0, 525.0, 26.0
5230, 5985.0, 11631.0, 6631.0, 519.0, 23.0
5231, 5977.0, 11414.0, 6497.0, 510.0, 23.0
5247, 5857.0, 13654.0, 6604.0, 525.0, 27.0
5248, 5847.0, 13398.0, 6446.0, 521.0, 27.0
5249, 5842.0, 13483.0, 6530.0, 523.0, 27.0
5250, 5835.0, 11433.0, 6505.0, 513.0, 23.0
5251, 5827.0, 11104.0, 6610.0, 520.0, 22.0
5252, 5818.0, 11833.0, 6436.0, 508.0, 24.0
5253, 5811.0, 11847.0, 6453.0, 511.0, 24.0
5254, 5803.0, 11907.0, 6478.0, 513.0, 24.0
5255, 5797.0, 10910.0, 6501.0, 510.0, 22.0
5256, 5788.0, 11656.0, 6361.0, 503.0, 24.0
5257, 5778.0, 12828.0, 6435.0, 513.0, 26.0
5258, 5772.0, 12432.0, 6506.0, 515.0, 25.0
5259, 5765.0, 10789.0, 6424.0, 503.0, 22.0
5260, 5755.0, 12132.0, 6338.0, 499.0, 25.0
5261, 5749.0, 11671.0, 6374.0, 504.0, 24.0
5262, 5741.0, 11687.0, 6377.0, 501.0, 24.0
5263, 5733.0, 11830.0, 6451.0, 511.0, 24.0
5264, 5725.0, 11451.0, 6518.0, 514.0, 23.0
5265, 5717.0, 11913.0, 6488.0, 512.0, 24.0
5266, 5709.0, 12225.0, 6388.0, 506.0, 25.0
5267, 5701.0, 11778.0, 6406.0, 506.0, 24.0
5268, 5694.0, 11384.0, 6478.0, 511.0, 23.0
5269, 5685.0, 12446.0, 6497.0, 514.0, 25.0
5270, 5677.0, 12360.0, 6454.0, 510.0, 25.0
5271, 5669.0, 12913.0, 6486.0, 512.0, 26.0
5272, 5661.0, 11799.0, 6429.0, 511.0, 24.0
5273, 5652.0, 13449.0, 6487.0, 518.0, 27.0
5274, 5645.0, 12401.0, 6486.0, 511.0, 25.0
5275, 5636.0, 13062.0, 6552.0, 526.0, 26.0
5276, 5629.0, 12978.0, 6507.0, 518.0, 26.0
5277, 5620.0, 13383.0, 6428.0, 515.0, 27.0
5278, 5613.0, 12960.0, 6488.0, 520.0, 26.0
5279, 5606.0, 11901.0, 6495.0, 513.0, 24.0
5280, 5597.0, 12413.0, 6480.0, 515.0, 25.0
5281, 5591.0, 11922.0, 6490.0, 513.0, 24.0
5282, 5582.0, 11826.0, 6430.0, 506.0, 24.0
5283, 5575.0, 12255.0, 6677.0, 526.0, 24.0
5284, 5568.0, 10522.0, 6546.0, 514.0, 21.0
5285, 5560.0, 10983.0, 6531.0, 515.0, 22.0
5286, 5554.0, 9912.0, 6487.0, 507.0, 20.0
5287, 5544.0, 11483.0, 6518.0, 513.0, 23.0
5288, 5535.0, 11908.0, 6479.0, 511.0, 24.0
5289, 5529.0, 11597.0, 6604.0, 520.0, 23.0
5290, 5518.0, 13062.0, 6545.0, 522.0, 26.0
5291, 5511.0, 13333.0, 6446.0, 512.0, 27.0
5292, 5504.0, 12027.0, 6545.0, 515.0, 24.0
5293, 5491.0, 14626.0, 6532.0, 520.0, 29.0
5294, 5486.0, 14289.0, 6648.0, 542.0, 28.0
5295, 5480.0, 12042.0, 6550.0, 516.0, 24.0
5296, 5465.0, 14949.0, 6419.0, 525.0, 30.0
5297, 5464.0, 12447.0, 6488.0, 513.0, 25.0
5298, 5457.0, 9956.0, 6493.0, 507.0, 20.0
5299, 5447.0, 12095.0, 6578.0, 517.0, 24.0
5300, 5438.0, 12754.0, 6400.0, 507.0, 26.0
5301, 5430.0, 12954.0, 6485.0, 518.0, 26.0
5302, 5420.0, 13362.0, 6437.0, 510.0, 27.0
5303, 5412.0, 15644.0, 6516.0, 541.0, 31.0
5304, 5406.0, 17140.0, 6529.0, 525.0, 34.0
5305, 5398.0, 12894.0, 6454.0, 512.0, 26.0
5306, 5391.0, 10629.0, 6302.0, 494.0, 22.0
5307, 5384.0, 9906.0, 6481.0, 504.0, 20.0
5308, 5373.0, 11862.0, 6464.0, 510.0, 24.0
5309, 5364.0, 13160.0, 6348.0, 508.0, 27.0
5310, 5356.0, 13300.0, 6430.0, 528.0, 27.0
5311, 5350.0, 12789.0, 6413.0, 509.0, 26.0
5312, 5343.0, 11604.0, 6615.0, 518.0, 23.0
5313, 5335.0, 11260.0, 6704.0, 526.0, 22.0
5314, 5324.0, 13375.0, 6708.0, 539.0, 26.0
5315, 5317.0, 13444.0, 6721.0, 535.0, 26.0
5316, 5307.0, 13665.0, 6580.0, 531.0, 27.0
5317, 5301.0, 14280.0, 6646.0, 534.0, 28.0
5318, 5292.0, 12883.0, 6707.0, 531.0, 25.0
5319, 5284.0, 13318.0, 6681.0, 530.0, 26.0
5320, 5276.0, 12305.0, 6691.0, 530.0, 24.0
5321, 5268.0, 13023.0, 6813.0, 540.0, 25.0
5322, 5258.0, 13082.0, 6556.0, 519.0, 26.0
5323, 5251.0, 13430.0, 6746.0, 540.0, 26.0
5324, 5242.0, 14185.0, 6605.0, 528.0, 28.0
5325, 5232.0, 14836.0, 6643.0, 536.0, 29.0
5326, 5225.0, 15314.0, 6612.0, 538.0, 30.0
5329, 5201.0, 14855.0, 6648.0, 554.0, 29.0
5330, 5192.0, 13198.0, 6605.0, 523.0, 26.0
5331, 5184.0, 13313.0, 6673.0, 534.0, 26.0
5332, 5177.0, 12894.0, 6745.0, 535.0, 25.0
5333, 5169.0, 12315.0, 6720.0, 530.0, 24.0
5334, 5160.0, 12287.0, 6670.0, 528.0, 24.0
5335, 5150.0, 13730.0, 6614.0, 531.0, 27.0
5336, 5140.0, 14921.0, 6671.0, 537.0, 29.0
5337, 5133.0, 15415.0, 6665.0, 557.0, 30.0
5338, 5127.0, 14163.0, 6601.0, 527.0, 28.0
5339, 5118.0, 12822.0, 6432.0, 510.0, 26.0
5340, 5110.0, 13135.0, 6575.0, 528.0, 26.0
5341, 5102.0, 14165.0, 6567.0, 531.0, 28.0
5342, 5094.0, 13000.0, 6498.0, 520.0, 26.0
5343, 5086.0, 12609.0, 6590.0, 522.0, 25.0
5343, 7663.0, 17999.0, 6595.0, 542.0, 35.0
5344, 5078.0, 13006.0, 6541.0, 522.0, 26.0
5344, 7635.0, 34892.0, 6520.0, 592.0, 65.0
5345, 5070.0, 12417.0, 6494.0, 518.0, 25.0
5345, 7602.0, 42071.0, 6537.0, 570.0, 79.0
5346, 5061.0, 12914.0, 6476.0, 515.0, 26.0
5346, 7579.0, 43182.0, 6527.0, 690.0, 78.0
5347, 5053.0, 12847.0, 6432.0, 516.0, 26.0
5347, 7549.0, 46053.0, 6487.0, 643.0, 85.0
5348, 5046.0, 11757.0, 6410.0, 506.0, 24.0
5348, 7522.0, 37913.0, 6405.0, 578.0, 72.0
5348, 7601.0, 16804.0, 6597.0, 654.0, 32.0
5349, 5036.0, 13469.0, 6502.0, 522.0, 27.0
5349, 7496.0, 39960.0, 6512.0, 574.0, 75.0
5349, 7602.0, 15500.0, 6678.0, 595.0, 30.0
5350, 5029.0, 13498.0, 6524.0, 519.0, 27.0
5350, 7464.0, 40458.0, 6548.0, 590.0, 75.0
5351, 5020.0, 12703.0, 6368.0, 507.0, 26.0
5351, 7443.0, 40147.0, 6439.0, 609.0, 73.0
5352, 5010.0, 14626.0, 6565.0, 524.0, 29.0
5352, 7416.0, 53600.0, 6602.0, 625.0, 98.0
5353, 5003.0, 15369.0, 6596.0, 557.0, 30.0
5353, 7390.0, 37180.0, 6561.0, 586.0, 69.0
5353, 7485.0, 11448.0, 6545.0, 528.0, 23.0
5354, 4996.0, 13207.0, 6613.0, 526.0, 26.0
5354, 7362.0, 38281.0, 6608.0, 589.0, 71.0
5355, 4988.0, 12562.0, 6565.0, 519.0, 25.0
5355, 7340.0, 36987.0, 6609.0, 620.0, 68.0
5356, 4979.0, 13149.0, 6591.0, 524.0, 26.0
5356, 7313.0, 37210.0, 6628.0, 574.0, 69.0
5357, 4970.0, 14014.0, 6499.0, 519.0, 28.0
5357, 7283.0, 40976.0, 6510.0, 587.0, 76.0
5358, 4963.0, 13656.0, 6570.0, 539.0, 27.0
5358, 7259.0, 37924.0, 6576.0, 606.0, 70.0
5359, 4955.0, 13465.0, 6476.0, 517.0, 27.0
5359, 7233.0, 41735.0, 6530.0, 604.0, 77.0
5360, 4948.0, 12457.0, 6515.0, 517.0, 25.0
5360, 7210.0, 36854.0, 6554.0, 595.0, 68.0
5361, 4940.0, 11911.0, 6489.0, 512.0, 24.0
5361, 7185.0, 35024.0, 6541.0, 567.0, 66.0
5361, 7598.0, 10331.0, 6457.0, 514.0, 21.0
5362, 4932.0, 10868.0, 6468.0, 508.0, 22.0
5362, 7150.0, 36506.0, 6411.0, 572.0, 70.0
5362, 7598.0, 9782.0, 6428.0, 511.0, 20.0
5363, 4922.0, 12333.0, 6448.0, 512.0, 25.0
5363, 7011.0, 10744.0, 6446.0, 515.0, 22.0
5363, 7135.0, 36051.0, 6502.0, 635.0, 66.0
5364, 4914.0, 12921.0, 6497.0, 518.0, 26.0
5364, 7009.0, 15076.0, 6753.0, 605.0, 29.0
5364, 7113.0, 36228.0, 6580.0, 665.0, 64.0
5365, 4905.0, 13138.0, 6589.0, 525.0, 26.0
5365, 7010.0, 15136.0, 6713.0, 598.0, 29.0
5365, 7092.0, 38392.0, 6609.0, 634.0, 70.0
5366, 4899.0, 12651.0, 6627.0, 526.0, 25.0
5366, 7013.0, 12677.0, 6675.0, 546.0, 25.0
5366, 7070.0, 33274.0, 6604.0, 602.0, 61.0
5367, 4890.0, 12593.0, 6580.0, 524.0, 25.0
5367, 7010.0, 12645.0, 6629.0, 533.0, 25.0
5367, 7049.0, 33485.0, 6596.0, 583.0, 62.0
5368, 4882.0, 12470.0, 6512.0, 520.0, 25.0
5368, 7004.0, 43337.0, 6501.0, 576.0, 82.0
5369, 4874.0, 12996.0, 6537.0, 522.0, 26.0
5369, 6998.0, 35163.0, 6635.0, 609.0, 64.0
5370, 4866.0, 12574.0, 6564.0, 519.0, 25.0
5370, 6975.0, 44866.0, 6626.0, 608.0, 83.0
5371, 4858.0, 12175.0, 6627.0, 524.0, 24.0
5371, 6949.0, 35355.0, 6650.0, 580.0, 65.0
5371, 7036.0, 10901.0, 6539.0, 530.0, 22.0
5372, 4850.0, 12228.0, 6379.0, 507.0, 25.0
5372, 6927.0, 33977.0, 6427.0, 591.0, 64.0
5372, 7034.0, 11650.0, 6380.0, 522.0, 24.0
5373, 4841.0, 12346.0, 6441.0, 511.0, 25.0
5373, 6904.0, 32040.0, 6491.0, 569.0, 61.0
5373, 7033.0, 10762.0, 6460.0, 519.0, 22.0
5374, 4834.0, 12581.0, 6594.0, 525.0, 25.0
5374, 6877.0, 36067.0, 6582.0, 585.0, 67.0
5374, 7030.0, 12012.0, 6572.0, 535.0, 24.0
5375, 4826.0, 11811.0, 6442.0, 509.0, 24.0
5375, 6859.0, 32206.0, 6541.0, 602.0, 60.0
5376, 4817.0, 12554.0, 6558.0, 523.0, 25.0
5376, 6834.0, 33294.0, 6557.0, 586.0, 62.0
5377, 4810.0, 12874.0, 6460.0, 513.0, 26.0
5377, 6811.0, 34069.0, 6518.0, 577.0, 64.0
5378, 4802.0, 12038.0, 6555.0, 519.0, 24.0
5378, 6786.0, 32092.0, 6606.0, 577.0, 60.0
5379, 4794.0, 11834.0, 6462.0, 511.0, 24.0
5379, 6757.0, 35659.0, 6541.0, 600.0, 66.0
5380, 4785.0, 13039.0, 6542.0, 521.0, 26.0
5380, 6736.0, 35730.0, 6573.0, 612.0, 66.0
5381, 4776.0, 13064.0, 6558.0, 522.0, 26.0
5381, 6718.0, 24898.0, 6605.0, 565.0, 47.0
5382, 4769.0, 12385.0, 6485.0, 509.0, 25.0
5382, 6699.0, 25423.0, 6535.0, 545.0, 49.0
5383, 4758.0, 12212.0, 6342.0, 503.0, 25.0
5383, 6677.0, 25051.0, 6425.0, 546.0, 49.0
5384, 4752.0, 10983.0, 6536.0, 513.0, 22.0
5384, 6656.0, 27535.0, 6518.0, 548.0, 53.0
5385, 4741.0, 13176.0, 6611.0, 524.0, 26.0
5385, 6636.0, 27235.0, 6635.0, 572.0, 51.0
5386, 4730.0, 13966.0, 6456.0, 525.0, 28.0
5386, 6613.0, 28528.0, 6486.0, 556.0, 55.0
5387, 4725.0, 13812.0, 6660.0, 537.0, 27.0
5387, 6597.0, 28100.0, 6712.0, 599.0, 52.0
5388, 4718.0, 11231.0, 6397.0, 504.0, 23.0
5388, 6571.0, 28824.0, 6406.0, 553.0, 56.0
5389, 4708.0, 12520.0, 6541.0, 520.0, 25.0
5389, 6554.0, 27058.0, 6576.0, 583.0, 51.0
5390, 4696.0, 14948.0, 6450.0, 525.0, 30.0
5390, 6534.0, 27022.0, 6477.0, 561.0, 52.0
5391, 4689.0, 14788.0, 6363.0, 525.0, 30.0
5391, 6513.0, 26970.0, 6351.0, 543.0, 53.0
5392, 4683.0, 13970.0, 6483.0, 526.0, 28.0
5392, 6485.0, 30741.0, 6583.0, 586.0, 58.0
5393, 4675.0, 12528.0, 6532.0, 521.0, 25.0
5393, 6465.0, 32914.0, 6536.0, 655.0, 61.0
5394, 4669.0, 11877.0, 6491.0, 513.0, 24.0
5394, 6448.0, 30582.0, 6489.0, 597.0, 58.0
5395, 4660.0, 11737.0, 6393.0, 505.0, 24.0
5395, 6423.0, 31012.0, 6425.0, 553.0, 60.0
5396, 4652.0, 11776.0, 6418.0, 508.0, 24.0
5396, 6402.0, 26728.0, 6530.0, 567.0, 51.0
5397, 4643.0, 11844.0, 6460.0, 513.0, 24.0
5397, 6380.0, 27597.0, 6485.0, 556.0, 53.0
5398, 4635.0, 12364.0, 6463.0, 514.0, 25.0
5398, 6359.0, 27599.0, 6475.0, 556.0, 53.0
5399, 4627.0, 12268.0, 6424.0, 513.0, 25.0
5399, 6337.0, 27851.0, 6449.0, 556.0, 54.0
5400, 4619.0, 11770.0, 6414.0, 509.0, 24.0
5400, 6313.0, 28012.0, 6482.0, 559.0, 54.0
5401, 4611.0, 11903.0, 6476.0, 515.0, 24.0
5401, 6286.0, 32429.0, 6500.0, 597.0, 61.0
5402, 4603.0, 11913.0, 6499.0, 515.0, 24.0
5402, 6259.0, 38030.0, 6515.0, 657.0, 70.0
5403, 4592.0, 13529.0, 6525.0, 517.0, 27.0
5403, 6238.0, 29281.0, 6618.0, 577.0, 55.0
5403, 6301.0, 15031.0, 6657.0, 587.0, 29.0
5404, 4585.0, 13810.0, 6416.0, 524.0, 28.0
5404, 6210.0, 30888.0, 6364.0, 550.0, 60.0
5404, 6303.0, 14039.0, 6495.0, 563.0, 28.0
5405, 4577.0, 13308.0, 6422.0, 512.0, 27.0
5405, 6189.0, 29495.0, 6523.0, 543.0, 57.0
5405, 6301.0, 14734.0, 6536.0, 573.0, 29.0
5406, 4569.0, 12835.0, 6453.0, 512.0, 26.0
5406, 6144.0, 41413.0, 6458.0, 587.0, 77.0
5407, 4561.0, 13354.0, 6453.0, 518.0, 27.0
5407, 6120.0, 39373.0, 6469.0, 566.0, 75.0
5408, 4550.0, 15153.0, 6559.0, 540.0, 30.0
5408, 6093.0, 31977.0, 6500.0, 553.0, 61.0
5409, 4545.0, 14740.0, 6600.0, 558.0, 29.0
5409, 6068.0, 28854.0, 6565.0, 557.0, 55.0
5410, 4537.0, 14531.0, 6525.0, 523.0, 29.0
5410, 6035.0, 35453.0, 6568.0, 590.0, 66.0
5411, 4528.0, 13473.0, 6523.0, 522.0, 27.0
5411, 5988.0, 46260.0, 6466.0, 619.0, 85.0
5412, 4520.0, 14092.0, 6572.0, 528.0, 28.0
5412, 5971.0, 40212.0, 6565.0, 601.0, 74.0
5413, 4513.0, 12333.0, 6462.0, 512.0, 25.0
5413, 5940.0, 30088.0, 6487.0, 543.0, 58.0
5414, 4504.0, 11998.0, 6539.0, 519.0, 24.0
5414, 5912.0, 32901.0, 6543.0, 571.0, 62.0
5415, 4495.0, 13474.0, 6514.0, 530.0, 27.0
5415, 5882.0, 34580.0, 6526.0, 557.0, 66.0
5416, 4486.0, 13214.0, 6367.0, 517.0, 27.0
5416, 5854.0, 30243.0, 6363.0, 551.0, 59.0
5417, 4415.0, 11309.0, 6439.0, 522.0, 23.0
5417, 4457.0, 24444.0, 6431.0, 523.0, 49.0
5417, 5823.0, 34157.0, 6457.0, 554.0, 66.0
5418, 4419.0, 14572.0, 6498.0, 530.0, 29.0
5418, 4452.0, 23225.0, 6506.0, 557.0, 45.0
5418, 5793.0, 32237.0, 6560.0, 556.0, 62.0
5419, 4429.0, 14709.0, 6577.0, 537.0, 29.0
5419, 4459.0, 16067.0, 6659.0, 578.0, 31.0
5419, 5765.0, 29714.0, 6567.0, 545.0, 57.0
5420, 4438.0, 23744.0, 6549.0, 545.0, 46.0
5420, 5733.0, 33252.0, 6511.0, 567.0, 63.0
5421, 4443.0, 18672.0, 6642.0, 634.0, 35.0
5421, 5702.0, 34644.0, 6526.0, 551.0, 66.0
5422, 4437.0, 25484.0, 6518.0, 611.0, 48.0
5422, 5656.0, 40325.0, 6477.0, 565.0, 77.0
5423, 4429.0, 32963.0, 6582.0, 612.0, 63.0
5423, 5634.0, 38122.0, 6577.0, 586.0, 71.0
5424, 4420.0, 13529.0, 6533.0, 524.0, 27.0
5424, 4470.0, 15526.0, 6655.0, 578.0, 30.0
5424, 5608.0, 27451.0, 6548.0, 542.0, 53.0
5425, 4413.0, 12556.0, 6566.0, 524.0, 25.0
5425, 4478.0, 15468.0, 6650.0, 569.0, 30.0
5425, 5580.0, 27207.0, 6613.0, 555.0, 52.0
5426, 4402.0, 14103.0, 6551.0, 530.0, 28.0
5426, 4486.0, 18801.0, 6598.0, 582.0, 36.0
5426, 5546.0, 34118.0, 6542.0, 541.0, 66.0
5427, 4394.0, 13704.0, 6626.0, 532.0, 27.0
5427, 4494.0, 17397.0, 6782.0, 662.0, 32.0
5427, 5505.0, 39971.0, 6621.0, 591.0, 73.0
5428, 4387.0, 12633.0, 6615.0, 530.0, 25.0
5428, 4505.0, 16387.0, 6626.0, 541.0, 32.0
5428, 5466.0, 48209.0, 6621.0, 617.0, 86.0
5429, 4378.0, 12650.0, 6608.0, 528.0, 25.0
5429, 4514.0, 15910.0, 6622.0, 548.0, 31.0
5429, 5440.0, 39035.0, 6556.0, 588.0, 73.0
5430, 4366.0, 14971.0, 6481.0, 525.0, 30.0
5430, 4526.0, 20037.0, 6479.0, 566.0, 39.0
5430, 5406.0, 33195.0, 6582.0, 590.0, 63.0
5431, 4357.0, 16423.0, 6603.0, 553.0, 32.0
5431, 4537.0, 17055.0, 6692.0, 628.0, 32.0
5431, 5377.0, 41417.0, 6645.0, 631.0, 76.0
5432, 4351.0, 16212.0, 6488.0, 552.0, 32.0
5432, 4543.0, 17496.0, 6519.0, 571.0, 34.0
5432, 5345.0, 42886.0, 6533.0, 604.0, 78.0
5432, 5481.0, 9774.0, 6410.0, 507.0, 20.0
5433, 4314.0, 9277.0, 6399.0, 506.0, 19.0
5433, 4345.0, 12969.0, 6527.0, 520.0, 26.0
5433, 4554.0, 15924.0, 6590.0, 566.0, 31.0
5433, 5344.0, 20073.0, 6538.0, 564.0, 39.0
5434, 4313.0, 23871.0, 6439.0, 529.0, 48.0
5434, 4563.0, 15738.0, 6511.0, 563.0, 31.0
5435, 4316.0, 18740.0, 6537.0, 526.0, 37.0
5435, 4572.0, 15339.0, 6610.0, 561.0, 30.0
5436, 4315.0, 16177.0, 6498.0, 549.0, 32.0
5436, 4579.0, 16186.0, 6490.0, 557.0, 32.0
5437, 4309.0, 17214.0, 6564.0, 532.0, 34.0
5437, 4590.0, 15424.0, 6651.0, 564.0, 30.0
5438, 4301.0, 13081.0, 6574.0, 525.0, 26.0
5438, 4600.0, 14676.0, 6593.0, 534.0, 29.0
5439, 4292.0, 12517.0, 6545.0, 519.0, 25.0
5439, 4612.0, 14057.0, 6548.0, 526.0, 28.0
5440, 4284.0, 13029.0, 6551.0, 524.0, 26.0
5440, 4621.0, 14643.0, 6546.0, 531.0, 29.0
5441, 4273.0, 13777.0, 6382.0, 512.0, 28.0
5441, 4630.0, 15464.0, 6416.0, 533.0, 31.0
5442, 4266.0, 13155.0, 6341.0, 512.0, 27.0
5442, 4640.0, 15796.0, 6358.0, 523.0, 32.0
5443, 4258.0, 12296.0, 6429.0, 510.0, 25.0
5443, 4651.0, 15506.0, 6455.0, 535.0, 31.0
5444, 4249.0, 12709.0, 6386.0, 509.0, 26.0
5444, 4662.0, 15869.0, 6401.0, 523.0, 32.0
5445, 4240.0, 12038.0, 6291.0, 502.0, 25.0
5445, 4674.0, 16221.0, 6315.0, 524.0, 33.0
5446, 4231.0, 12672.0, 6373.0, 509.0, 26.0
5446, 4684.0, 16215.0, 6486.0, 570.0, 32.0
5447, 4222.0, 12630.0, 6349.0, 505.0, 26.0
5447, 4692.0, 15588.0, 6487.0, 551.0, 31.0
5448, 4213.0, 13457.0, 6491.0, 520.0, 27.0
5448, 4701.0, 16197.0, 6541.0, 539.0, 32.0
5449, 4204.0, 13443.0, 6499.0, 521.0, 27.0
5449, 4712.0, 17106.0, 6491.0, 531.0, 34.0
5450, 4195.0, 13835.0, 6440.0, 517.0, 28.0
5450, 4725.0, 16724.0, 6510.0, 545.0, 33.0
5451, 4187.0, 13528.0, 6541.0, 524.0, 27.0
5451, 4735.0, 16848.0, 6575.0, 547.0, 33.0
5452, 4171.0, 16986.0, 6436.0, 519.0, 34.0
5452, 4747.0, 17714.0, 6468.0, 540.0, 35.0
5453, 4165.0, 15803.0, 6552.0, 562.0, 31.0
5453, 4758.0, 16582.0, 6456.0, 536.0, 33.0
5454, 4160.0, 14168.0, 6591.0, 543.0, 28.0
5454, 4771.0, 16841.0, 6593.0, 544.0, 33.0
5455, 4151.0, 12944.0, 6505.0, 520.0, 26.0
5455, 4782.0, 17362.0, 6564.0, 555.0, 34.0
5456, 4142.0, 12654.0, 6354.0, 507.0, 26.0
5456, 4794.0, 16368.0, 6364.0, 530.0, 33.0
5457, 4129.0, 15348.0, 6369.0, 551.0, 31.0
5457, 4804.0, 18017.0, 6408.0, 552.0, 36.0
5458, 4124.0, 14035.0, 6501.0, 532.0, 28.0
5458, 4817.0, 17511.0, 6525.0, 569.0, 34.0
5459, 4115.0, 13018.0, 6296.0, 502.0, 27.0
5459, 4826.0, 17918.0, 6325.0, 535.0, 36.0
5460, 4106.0, 12503.0, 6262.0, 501.0, 26.0
5460, 4840.0, 16269.0, 6316.0, 531.0, 33.0
5461, 4096.0, 13100.0, 6326.0, 512.0, 27.0
5461, 4851.0, 16902.0, 6378.0, 538.0, 34.0
5462, 4080.0, 18025.0, 6426.0, 532.0, 36.0
5462, 4863.0, 17825.0, 6466.0, 559.0, 35.0
5463, 4076.0, 15600.0, 6419.0, 567.0, 31.0
5463, 4869.0, 20183.0, 6388.0, 539.0, 40.0
5464, 4070.0, 13726.0, 6403.0, 516.0, 28.0
5464, 4871.0, 25181.0, 6278.0, 534.0, 51.0
5465, 4060.0, 12783.0, 6421.0, 513.0, 26.0
5465, 4899.0, 17796.0, 6483.0, 553.0, 35.0
5466, 4051.0, 12772.0, 6418.0, 512.0, 26.0
5466, 4911.0, 18099.0, 6438.0, 538.0, 36.0
5467, 4042.0, 13327.0, 6449.0, 518.0, 27.0
5467, 4924.0, 18281.0, 6490.0, 550.0, 36.0
5468, 4032.0, 13732.0, 6365.0, 514.0, 28.0
5468, 4936.0, 17947.0, 6469.0, 580.0, 35.0
5469, 4024.0, 12890.0, 6471.0, 518.0, 26.0
5469, 4937.0, 22140.0, 6535.0, 598.0, 42.0
5470, 4015.0, 12185.0, 6359.0, 510.0, 25.0
5470, 4955.0, 18829.0, 6427.0, 560.0, 37.0
5471, 4005.0, 13359.0, 6451.0, 519.0, 27.0
5471, 4964.0, 19528.0, 6509.0, 621.0, 37.0
5472, 3995.0, 14250.0, 6626.0, 545.0, 28.0
5472, 4974.0, 18610.0, 6764.0, 598.0, 35.0
5473, 3986.0, 13506.0, 6508.0, 521.0, 27.0
5473, 4987.0, 16345.0, 6560.0, 548.0, 32.0
5474, 3978.0, 13595.0, 6571.0, 530.0, 27.0
5474, 4998.0, 16938.0, 6581.0, 546.0, 33.0
5475, 3969.0, 13006.0, 6557.0, 522.0, 26.0
5475, 5009.0, 16990.0, 6598.0, 556.0, 33.0
5476, 3958.0, 13525.0, 6537.0, 530.0, 27.0
5476, 5020.0, 17388.0, 6554.0, 551.0, 34.0
5477, 3949.0, 13641.0, 6598.0, 530.0, 27.0
5477, 5030.0, 18751.0, 6623.0, 562.0, 36.0
5478, 3939.0, 13984.0, 6504.0, 523.0, 28.0
5478, 5042.0, 19114.0, 6583.0, 562.0, 37.0
5479, 3929.0, 14049.0, 6520.0, 527.0, 28.0
5479, 5056.0, 18342.0, 6698.0, 579.0, 35.0
5480, 3920.0, 13571.0, 6550.0, 525.0, 27.0
5480, 5065.0, 18982.0, 6700.0, 588.0, 36.0
5481, 3911.0, 13277.0, 6670.0, 533.0, 26.0
5481, 5077.0, 18497.0, 6751.0, 571.0, 35.0
5482, 3900.0, 14253.0, 6607.0, 545.0, 28.0
5482, 5087.0, 20335.0, 6597.0, 560.0, 39.0
5483, 3892.0, 13698.0, 6607.0, 528.0, 27.0
5483, 5103.0, 19436.0, 6676.0, 564.0, 37.0
5484, 3881.0, 13899.0, 6450.0, 518.0, 28.0
5484, 5117.0, 19552.0, 6530.0, 555.0, 38.0
5485, 3873.0, 14822.0, 6626.0, 547.0, 29.0
5485, 5130.0, 22086.0, 6621.0, 570.0, 42.0
5485, 5175.0, 8911.0, 6486.0, 514.0, 18.0
5486, 3863.0, 13886.0, 6443.0, 526.0, 28.0
5486, 5142.0, 27045.0, 6491.0, 612.0, 52.0
5487, 3855.0, 14084.0, 6548.0, 526.0, 28.0
5487, 5154.0, 20996.0, 6603.0, 574.0, 40.0
5488, 3844.0, 14067.0, 6579.0, 534.0, 28.0
5488, 5167.0, 18788.0, 6615.0, 574.0, 36.0
5489, 3831.0, 16925.0, 6618.0, 564.0, 33.0
5489, 5178.0, 19258.0, 6617.0, 565.0, 37.0
5490, 3822.0, 17836.0, 6621.0, 583.0, 34.0
5490, 5191.0, 18728.0, 6622.0, 562.0, 36.0
5491, 3816.0, 17055.0, 6429.0, 544.0, 34.0
5491, 5203.0, 18351.0, 6480.0, 553.0, 36.0
5492, 3808.0, 12753.0, 6405.0, 507.0, 26.0
5492, 5215.0, 19437.0, 6425.0, 563.0, 38.0
5493, 3798.0, 12287.0, 6416.0, 508.0, 25.0
5493, 5228.0, 19350.0, 6475.0, 544.0, 38.0
5494, 3789.0, 12190.0, 6388.0, 509.0, 25.0
5494, 5243.0, 18194.0, 6437.0, 548.0, 36.0
5495, 3779.0, 12943.0, 6494.0, 520.0, 26.0
5495, 5256.0, 18976.0, 6543.0, 551.0, 37.0
5496, 3769.0, 13141.0, 6590.0, 527.0, 26.0
5496, 5270.0, 17025.0, 6648.0, 550.0, 33.0
5497, 3751.0, 17102.0, 6463.0, 525.0, 34.0
5497, 5281.0, 16777.0, 6545.0, 544.0, 33.0
5498, 3744.0, 17434.0, 6524.0, 557.0, 34.0
5498, 5292.0, 16754.0, 6547.0, 541.0, 33.0
5499, 3739.0, 15328.0, 6595.0, 562.0, 30.0
5499, 5302.0, 16905.0, 6570.0, 550.0, 33.0
5500, 3733.0, 12836.0, 6446.0, 514.0, 26.0
5500, 5313.0, 16186.0, 6520.0, 539.0, 32.0
5501, 3725.0, 11264.0, 6422.0, 509.0, 23.0
5501, 5324.0, 15578.0, 6499.0, 538.0, 31.0
5502, 3716.0, 11315.0, 6453.0, 511.0, 23.0
5502, 5333.0, 17198.0, 6433.0, 550.0, 34.0
5503, 3705.0, 12292.0, 6445.0, 509.0, 25.0
5503, 5343.0, 16620.0, 6470.0, 541.0, 33.0
5504, 3691.0, 16865.0, 6784.0, 587.0, 32.0
5504, 5354.0, 16758.0, 6731.0, 561.0, 32.0
5505, 3685.0, 14637.0, 6538.0, 540.0, 29.0
5505, 5364.0, 16867.0, 6544.0, 553.0, 33.0
5506, 3674.0, 16113.0, 6745.0, 548.0, 31.0
5506, 5372.0, 24032.0, 6738.0, 603.0, 44.0
5507, 3665.0, 15884.0, 6601.0, 541.0, 31.0
5507, 5384.0, 19038.0, 6658.0, 592.0, 36.0
5508, 3657.0, 13224.0, 6636.0, 534.0, 26.0
5508, 5395.0, 18784.0, 6652.0, 558.0, 36.0
5509, 3649.0, 12107.0, 6594.0, 519.0, 24.0
5509, 5406.0, 17230.0, 6706.0, 568.0, 33.0
5510, 3639.0, 11561.0, 6585.0, 521.0, 23.0
5510, 3806.0, 10959.0, 6552.0, 529.0, 22.0
5510, 5418.0, 15387.0, 6653.0, 549.0, 30.0
5511, 3629.0, 11996.0, 6542.0, 519.0, 24.0
5511, 5426.0, 16898.0, 6600.0, 545.0, 33.0
5512, 3620.0, 12606.0, 6595.0, 525.0, 25.0
5512, 5436.0, 16752.0, 6709.0, 576.0, 32.0
5513, 3609.0, 13685.0, 6600.0, 530.0, 27.0
5513, 5445.0, 17254.0, 6720.0, 568.0, 33.0
5514, 3601.0, 11997.0, 6536.0, 517.0, 24.0
5514, 4080.0, 14305.0, 6612.0, 573.0, 28.0
5514, 5454.0, 16859.0, 6518.0, 549.0, 33.0
5515, 3582.0, 17778.0, 6564.0, 526.0, 35.0
5515, 4034.0, 37400.0, 6495.0, 570.0, 73.0
5515, 5465.0, 16951.0, 6579.0, 552.0, 33.0
5516, 3578.0, 15697.0, 6736.0, 584.0, 30.0
5516, 4064.0, 19141.0, 6707.0, 601.0, 36.0
5516, 5475.0, 16087.0, 6676.0, 556.0, 31.0
5517, 3572.0, 14933.0, 6690.0, 552.0, 29.0
5517, 4071.0, 11147.0, 6636.0, 529.0, 22.0
5517, 5311.0, 9697.0, 6675.0, 517.0, 19.0
5517, 5484.0, 15550.0, 6688.0, 559.0, 30.0
5518, 3563.0, 13134.0, 6598.0, 524.0, 26.0
5518, 5492.0, 15461.0, 6685.0, 553.0, 30.0
5519, 3553.0, 12575.0, 6575.0, 524.0, 25.0
5519, 5499.0, 17167.0, 6611.0, 579.0, 33.0
5520, 3543.0, 13494.0, 6496.0, 525.0, 27.0
5520, 5507.0, 17368.0, 6540.0, 552.0, 34.0
5521, 3531.0, 15632.0, 6507.0, 531.0, 31.0
5521, 3730.0, 11877.0, 6474.0, 515.0, 24.0
5521, 5518.0, 16901.0, 6552.0, 551.0, 33.0
5522, 3524.0, 16083.0, 6659.0, 566.0, 31.0
5522, 3734.0, 11039.0, 6597.0, 533.0, 22.0
5522, 5527.0, 17700.0, 6648.0, 565.0, 34.0
5523, 3515.0, 13643.0, 6565.0, 528.0, 27.0
5523, 5253.0, 14683.0, 6561.0, 520.0, 29.0
5523, 5537.0, 18078.0, 6583.0, 560.0, 35.0
5524, 3504.0, 14322.0, 6632.0, 542.0, 28.0
5524, 3559.0, 9518.0, 6551.0, 514.0, 19.0
5524, 5243.0, 19968.0, 6594.0, 539.0, 39.0
5524, 5547.0, 16616.0, 6624.0, 566.0, 32.0
5525, 3496.0, 13423.0, 6465.0, 523.0, 27.0
5525, 3555.0, 15319.0, 6538.0, 574.0, 30.0
5525, 5554.0, 16765.0, 6480.0, 555.0, 33.0
5526, 3486.0, 13633.0, 6568.0, 529.0, 27.0
5526, 3553.0, 15531.0, 6697.0, 557.0, 30.0
5526, 5562.0, 17252.0, 6656.0, 583.0, 33.0
5527, 3476.0, 13469.0, 6497.0, 525.0, 27.0
5527, 3519.0, 29188.0, 6481.0, 540.0, 57.0
5527, 5272.0, 9319.0, 6436.0, 508.0, 19.0
5527, 5569.0, 16485.0, 6532.0, 580.0, 32.0
5528, 3467.0, 13066.0, 6561.0, 527.0, 26.0
5528, 3506.0, 13556.0, 6527.0, 518.0, 27.0
5528, 5576.0, 16604.0, 6662.0, 576.0, 32.0
5529, 3458.0, 13187.0, 6637.0, 533.0, 26.0
5529, 5584.0, 16205.0, 6687.0, 586.0, 31.0
5530, 3448.0, 13609.0, 6565.0, 529.0, 27.0
5530, 5589.0, 16715.0, 6649.0, 591.0, 32.0
5531, 3439.0, 13210.0, 6624.0, 534.0, 26.0
5531, 5596.0, 15722.0, 6715.0, 588.0, 30.0
5532, 3430.0, 13053.0, 6566.0, 526.0, 26.0
5532, 5603.0, 15448.0, 6640.0, 568.0, 30.0
5533, 3420.0, 13879.0, 6705.0, 538.0, 27.0
5533, 3454.0, 13358.0, 6718.0, 550.0, 26.0
5533, 5609.0, 16867.0, 6718.0, 586.0, 32.0
5534, 3410.0, 36269.0, 6591.0, 546.0, 70.0
5534, 5616.0, 16682.0, 6658.0, 581.0, 32.0
5535, 3402.0, 23990.0, 6707.0, 545.0, 46.0
5535, 5623.0, 16346.0, 6770.0, 590.0, 31.0
5536, 3380.0, 25875.0, 6489.0, 566.0, 50.0
5536, 5628.0, 17271.0, 6613.0, 593.0, 33.0
5537, 3377.0, 21099.0, 6755.0, 647.0, 39.0
5537, 5635.0, 17192.0, 6586.0, 586.0, 33.0
5538, 3373.0, 14993.0, 6448.0, 544.0, 30.0
5538, 5642.0, 18104.0, 6469.0, 596.0, 35.0
5539, 3364.0, 13287.0, 6423.0, 513.0, 27.0
5539, 5649.0, 18142.0, 6506.0, 593.0, 35.0
5540, 3356.0, 11689.0, 6373.0, 509.0, 24.0
5540, 5659.0, 16751.0, 6489.0, 570.0, 33.0
5541, 3345.0, 13017.0, 6549.0, 523.0, 26.0
5541, 5667.0, 16764.0, 6695.0, 591.0, 32.0
5542, 3336.0, 12687.0, 6396.0, 512.0, 26.0
5542, 5673.0, 17536.0, 6478.0, 598.0, 34.0
5543, 3326.0, 12503.0, 6548.0, 524.0, 25.0
5543, 5679.0, 18472.0, 6605.0, 601.0, 35.0
5544, 3316.0, 13309.0, 6422.0, 518.0, 27.0
5544, 5688.0, 19014.0, 6479.0, 567.0, 37.0
5545, 3306.0, 13026.0, 6277.0, 511.0, 27.0
5545, 5698.0, 18102.0, 6309.0, 562.0, 36.0
5546, 3298.0, 13148.0, 6348.0, 513.0, 27.0
5546, 5708.0, 17775.0, 6403.0, 567.0, 35.0
5547, 3289.0, 11847.0, 6440.0, 518.0, 24.0
5547, 5718.0, 17782.0, 6484.0, 553.0, 35.0
5548, 3278.0, 13123.0, 6364.0, 519.0, 27.0
5548, 5728.0, 16986.0, 6338.0, 548.0, 34.0
5549, 3269.0, 12982.0, 6274.0, 509.0, 27.0
5549, 5738.0, 17343.0, 6300.0, 544.0, 35.0
5550, 3259.0, 18297.0, 6357.0, 534.0, 37.0
5550, 5747.0, 17936.0, 6387.0, 583.0, 35.0
5551, 3251.0, 12795.0, 6438.0, 522.0, 26.0
5551, 4989.0, 9632.0, 6320.0, 501.0, 20.0
5551, 5755.0, 19023.0, 6506.0, 568.0, 37.0
5552, 3243.0, 12008.0, 6310.0, 503.0, 25.0
5552, 4988.0, 11019.0, 6293.0, 505.0, 23.0
5552, 5766.0, 19018.0, 6320.0, 548.0, 38.0
5553, 3233.0, 12371.0, 6474.0, 518.0, 25.0
5553, 5776.0, 21597.0, 6540.0, 588.0, 41.0
5555, 3212.0, 13312.0, 6418.0, 517.0, 27.0
5555, 5797.0, 21164.0, 6475.0, 565.0, 41.0
5557, 5823.0, 24538.0, 6562.0, 598.0, 46.0
5558, 4239.0, 9130.0, 6306.0, 499.0, 19.0
5558, 5837.0, 26335.0, 6428.0, 549.0, 51.0
5559, 5859.0, 23747.0, 6466.0, 556.0, 46.0
5560, 5874.0, 28247.0, 6561.0, 589.0, 53.0
5561, 5890.0, 28378.0, 6466.0, 570.0, 54.0
5562, 5912.0, 23642.0, 6598.0, 600.0, 44.0
5563, 5924.0, 22705.0, 6601.0, 628.0, 42.0
5564, 5935.0, 21688.0, 6518.0, 605.0, 41.0
5565, 5946.0, 22628.0, 6532.0, 588.0, 43.0
5566, 5960.0, 20821.0, 6491.0, 574.0, 40.0
5567, 5972.0, 23777.0, 6531.0, 586.0, 45.0
5568, 5983.0, 25163.0, 6564.0, 605.0, 47.0
5569, 5996.0, 28093.0, 6365.0, 605.0, 53.0
5570, 6010.0, 38546.0, 6339.0, 602.0, 72.0
5571, 6029.0, 40551.0, 6533.0, 702.0, 71.0
5572, 6051.0, 23978.0, 6528.0, 611.0, 45.0
5573, 6068.0, 12288.0, 6424.0, 524.0, 25.0
5574, 6066.0, 12255.0, 6437.0, 535.0, 25.0
5575, 6065.0, 12436.0, 6523.0, 546.0, 25.0
5576, 6063.0, 11728.0, 6426.0, 524.0, 24.0
5577, 6061.0, 11287.0, 6455.0, 518.0, 23.0
5578, 6058.0, 11393.0, 6504.0, 527.0, 23.0
5579, 6056.0, 11317.0, 6479.0, 522.0, 23.0
5580, 6053.0, 12092.0, 6616.0, 542.0, 24.0
5581, 6051.0, 11856.0, 6481.0, 532.0, 24.0
5582, 6050.0, 11371.0, 6489.0, 520.0, 23.0
5583, 6050.0, 10306.0, 6483.0, 519.0, 21.0
5584, 6049.0, 10244.0, 6402.0, 511.0, 21.0
5585, 6049.0, 10981.0, 6564.0, 524.0, 22.0
5586, 6050.0, 10357.0, 6482.0, 517.0, 21.0
5587, 6051.0, 9836.0, 6462.0, 513.0, 20.0
5588, 6050.0, 10765.0, 6432.0, 515.0, 22.0
5589, 6050.0, 11536.0, 6599.0, 533.0, 23.0
5590, 3263.0, 9844.0, 6474.0, 517.0, 20.0
5590, 6049.0, 10896.0, 6503.0, 520.0, 22.0
5591, 6048.0, 10959.0, 6569.0, 523.0, 22.0
5592, 6044.0, 11638.0, 6378.0, 517.0, 24.0
5593, 6042.0, 11748.0, 6421.0, 526.0, 24.0
5594, 6042.0, 11151.0, 6378.0, 519.0, 23.0
5606, 6053.0, 8363.0, 6440.0, 504.0, 17.0
5607, 6052.0, 13027.0, 6513.0, 522.0, 26.0
5608, 6060.0, 15496.0, 6469.0, 525.0, 31.0
5609, 6071.0, 11849.0, 6492.0, 524.0, 24.0
5737, 5814.0, 9364.0, 6476.0, 512.0, 19.0
5814, 5275.0, 8758.0, 6370.0, 503.0, 18.0
5933, 5554.0, 8134.0, 6262.0, 500.0, 17.0
5976, 3524.0, 10860.0, 6505.0, 528.0, 22.0
5977, 3526.0, 9756.0, 6410.0, 512.0, 20.0
5986, 3311.0, 12637.0, 6647.0, 533.0, 25.0
5987, 3322.0, 12799.0, 6653.0, 528.0, 25.0
6036, 5763.0, 8331.0, 6411.0, 508.0, 17.0
6193, 4267.0, 8952.0, 6173.0, 493.0, 19.0
6194, 4268.0, 9306.0, 6114.0, 489.0, 20.0
6195, 4204.0, 16459.0, 6608.0, 683.0, 31.0
6196, 4208.0, 15645.0, 6408.0, 590.0, 31.0
6197, 4215.0, 13286.0, 6425.0, 557.0, 27.0
6198, 4219.0, 11711.0, 6440.0, 553.0, 24.0
6207, 3850.0, 8174.0, 6296.0, 502.0, 17.0
6219, 4372.0, 11677.0, 6726.0, 557.0, 23.0
6220, 4369.0, 14239.0, 6646.0, 560.0, 28.0
6220, 4416.0, 10967.0, 6591.0, 539.0, 22.0
6221, 4413.0, 14095.0, 6829.0, 645.0, 27.0
6222, 4412.0, 11481.0, 6619.0, 555.0, 23.0
6223, 4410.0, 11232.0, 6454.0, 527.0, 23.0
6224, 4405.0, 11328.0, 6510.0, 535.0, 23.0
6225, 4399.0, 14893.0, 6821.0, 661.0, 28.0
6226, 4396.0, 15393.0, 6675.0, 578.0, 30.0
6227, 4395.0, 16501.0, 6687.0, 584.0, 32.0
6228, 4394.0, 28005.0, 6619.0, 624.0, 52.0
6229, 4393.0, 19226.0, 7012.0, 887.0, 33.0
6230, 4393.0, 18551.0, 7190.0, 936.0, 31.0
6231, 4395.0, 15431.0, 6456.0, 633.0, 30.0
6232, 4397.0, 15128.0, 6934.0, 723.0, 28.0
6238, 4508.0, 8919.0, 6490.0, 513.0, 18.0
6239, 4508.0, 9421.0, 6500.0, 517.0, 19.0
6242, 4529.0, 9074.0, 6263.0, 499.0, 19.0
6243, 4526.0, 12492.0, 6549.0, 555.0, 25.0
6244, 4526.0, 11372.0, 6522.0, 533.0, 23.0
6249, 4386.0, 12489.0, 6583.0, 594.0, 25.0
6250, 4386.0, 12033.0, 6626.0, 559.0, 24.0
6251, 4385.0, 12714.0, 6684.0, 583.0, 25.0
6252, 4386.0, 14427.0, 6695.0, 600.0, 28.0
6257, 7406.0, 13517.0, 6559.0, 551.0, 27.0
6258, 7406.0, 15699.0, 6478.0, 566.0, 31.0
6259, 7409.0, 17075.0, 6543.0, 600.0, 33.0
6260, 7412.0, 17204.0, 6588.0, 596.0, 33.0
6261, 7419.0, 15740.0, 6532.0, 555.0, 31.0
6262, 7423.0, 16400.0, 6496.0, 578.0, 32.0
6263, 7420.0, 20559.0, 6532.0, 593.0, 39.0
6264, 7432.0, 15596.0, 6481.0, 551.0, 31.0
6265, 7440.0, 14473.0, 6485.0, 549.0, 29.0
6266, 7445.0, 14314.0, 6638.0, 562.0, 28.0
6267, 7450.0, 14144.0, 6570.0, 552.0, 28.0
6268, 7454.0, 14559.0, 6481.0, 553.0, 29.0
6269, 7459.0, 17296.0, 6660.0, 596.0, 33.0
6270, 7462.0, 16244.0, 6394.0, 592.0, 32.0
6271, 7468.0, 16005.0, 6593.0, 572.0, 31.0
6272, 7473.0, 16580.0, 6592.0, 595.0, 32.0
6273, 7477.0, 16651.0, 6657.0, 584.0, 32.0
6274, 7484.0, 15627.0, 6717.0, 578.0, 30.0
6275, 7489.0, 14984.0, 6732.0, 569.0, 29.0
6276, 7494.0, 15085.0, 6733.0, 570.0, 29.0
6277, 7499.0, 14840.0, 6617.0, 562.0, 29.0
6278, 7504.0, 14765.0, 6605.0, 561.0, 29.0
6279, 7509.0, 14501.0, 6727.0, 567.0, 28.0
6280, 7513.0, 15170.0, 6510.0, 557.0, 30.0
6281, 7518.0, 14588.0, 6487.0, 557.0, 29.0
6282, 7523.0, 14653.0, 6512.0, 556.0, 29.0
6283, 7528.0, 15381.0, 6607.0, 569.0, 30.0
6284, 7533.0, 14368.0, 6680.0, 567.0, 28.0
6285, 7537.0, 15737.0, 6725.0, 594.0, 30.0
6286, 7541.0, 15903.0, 6583.0, 579.0, 31.0
6287, 7546.0, 15163.0, 6496.0, 566.0, 30.0
6288, 7552.0, 14344.0, 6671.0, 567.0, 28.0
6289, 7556.0, 15309.0, 6591.0, 568.0, 30.0
6290, 7560.0, 15591.0, 6662.0, 578.0, 30.0
6291, 7565.0, 15288.0, 6568.0, 566.0, 30.0
6292, 7571.0, 15078.0, 6786.0, 574.0, 29.0
6293, 7575.0, 15685.0, 6767.0, 592.0, 30.0
6294, 7579.0, 16042.0, 6935.0, 591.0, 30.0
6295, 7584.0, 15514.0, 6691.0, 570.0, 30.0
6296, 7589.0, 15985.0, 6886.0, 586.0, 30.0
6297, 7593.0, 16811.0, 6665.0, 601.0, 32.0
6298, 7596.0, 18696.0, 6831.0, 661.0, 34.0
6299, 7600.0, 17850.0, 6796.0, 640.0, 33.0
6300, 7602.0, 19165.0, 6671.0, 600.0, 36.0
6301, 7611.0, 16257.0, 6758.0, 584.0, 31.0
6302, 7617.0, 15011.0, 6673.0, 575.0, 29.0
6303, 7622.0, 14877.0, 6648.0, 568.0, 29.0
6304, 4632.0, 7818.0, 6384.0, 506.0, 16.0
6304, 7626.0, 14872.0, 6629.0, 570.0, 29.0
6305, 7631.0, 15399.0, 6623.0, 574.0, 30.0
6306, 7635.0, 15932.0, 6570.0, 580.0, 31.0
6307, 7640.0, 16126.0, 6626.0, 602.0, 31.0
6308, 7644.0, 16179.0, 6689.0, 597.0, 31.0
6309, 7649.0, 22105.0, 9487.0, 792.0, 30.0
6310, 7655.0, 14835.0, 6625.0, 565.0, 29.0
6311, 7659.0, 16882.0, 6648.0, 608.0, 32.0
6312, 7662.0, 17549.0, 6823.0, 680.0, 32.0
6313, 7665.0, 17321.0, 6662.0, 587.0, 33.0
6314, 7673.0, 15120.0, 6716.0, 578.0, 29.0
6315, 7677.0, 15879.0, 6797.0, 591.0, 30.0
6316, 7682.0, 15860.0, 6788.0, 599.0, 30.0
6317, 7684.0, 17213.0, 6821.0, 612.0, 32.0
6318, 7683.0, 19599.0, 6651.0, 587.0, 37.0
6319, 7696.0, 15216.0, 6826.0, 580.0, 29.0
6320, 7701.0, 14790.0, 6634.0, 565.0, 29.0
6321, 7705.0, 15668.0, 6729.0, 580.0, 30.0
6322, 7709.0, 20595.0, 6714.0, 603.0, 39.0
6323, 7713.0, 19783.0, 6793.0, 600.0, 37.0
6324, 7718.0, 16584.0, 6608.0, 597.0, 32.0
6325, 7721.0, 16155.0, 6634.0, 598.0, 31.0
6326, 7726.0, 15592.0, 6674.0, 577.0, 30.0
6327, 7731.0, 15682.0, 6695.0, 582.0, 30.0
6328, 7735.0, 20539.0, 6705.0, 600.0, 39.0
6329, 7739.0, 18670.0, 6739.0, 607.0, 35.0
6330, 7743.0, 16187.0, 6641.0, 606.0, 31.0
6331, 7747.0, 16302.0, 6755.0, 593.0, 31.0
6332, 7752.0, 14840.0, 6596.0, 568.0, 29.0
6333, 7757.0, 14160.0, 6590.0, 557.0, 28.0
6334, 7761.0, 14145.0, 6559.0, 555.0, 28.0
6335, 7765.0, 15445.0, 6621.0, 571.0, 30.0
6403, 7792.0, 8129.0, 6250.0, 495.0, 17.0
6528, 7401.0, 8254.0, 5899.0, 475.0, 18.0
6529, 7401.0, 8265.0, 5912.0, 474.0, 18.0
6530, 7401.0, 8382.0, 5989.0, 484.0, 18.0
6531, 7401.0, 8274.0, 5917.0, 477.0, 18.0
6531, 7516.0, 8740.0, 6352.0, 507.0, 18.0
6532, 7400.0, 8891.0, 6014.0, 486.0, 19.0
6533, 7400.0, 8751.0, 5916.0, 479.0, 19.0
6534, 7400.0, 9067.0, 5809.0, 471.0, 20.0
6535, 7400.0, 9247.0, 5919.0, 483.0, 20.0
6536, 7400.0, 9246.0, 5942.0, 478.0, 20.0
6537, 7400.0, 9422.0, 6039.0, 490.0, 20.0
6538, 7400.0, 9350.0, 5998.0, 485.0, 20.0
6539, 7400.0, 9218.0, 5914.0, 480.0, 20.0
6540, 7400.0, 9320.0, 5967.0, 485.0, 20.0
6541, 7400.0, 9352.0, 5991.0, 488.0, 20.0
6542, 7400.0, 9285.0, 5946.0, 483.0, 20.0
6543, 3761.0, 10716.0, 6433.0, 529.0, 22.0
6543, 7400.0, 9072.0, 5796.0, 476.0, 20.0
6544, 6603.0, 8412.0, 6434.0, 507.0, 17.0
6544, 7400.0, 9282.0, 5931.0, 485.0, 20.0
6545, 6587.0, 11417.0, 6472.0, 512.0, 23.0
6545, 7400.0, 9260.0, 5907.0, 486.0, 20.0
6546, 6572.0, 9926.0, 6483.0, 516.0, 20.0
6546, 7400.0, 9252.0, 5905.0, 486.0, 20.0
6547, 6559.0, 11375.0, 6486.0, 527.0, 23.0
6547, 7400.0, 9141.0, 5822.0, 481.0, 20.0
6548, 6551.0, 11790.0, 6808.0, 557.0, 23.0
6548, 7400.0, 9415.0, 5988.0, 495.0, 20.0
6549, 6544.0, 13114.0, 6579.0, 586.0, 26.0
6549, 7400.0, 9083.0, 5783.0, 481.0, 20.0
6550, 6543.0, 10700.0, 6438.0, 540.0, 22.0
6550, 7400.0, 8944.0, 5683.0, 476.0, 20.0
6551, 7400.0, 9122.0, 5802.0, 481.0, 20.0
6552, 7400.0, 9321.0, 5928.0, 495.0, 20.0
6553, 7400.0, 9094.0, 5779.0, 484.0, 20.0
6554, 7400.0, 9158.0, 5819.0, 485.0, 20.0
6555, 7400.0, 9624.0, 5804.0, 486.0, 21.0
6556, 7400.0, 9056.0, 5750.0, 479.0, 20.0
6557, 7400.0, 9394.0, 5657.0, 479.0, 21.0
6558, 7399.0, 9994.0, 5754.0, 484.0, 22.0
6559, 7399.0, 10023.0, 5786.0, 483.0, 22.0
6560, 7399.0, 9984.0, 5747.0, 484.0, 22.0
6561, 7399.0, 9836.0, 5660.0, 480.0, 22.0
6562, 7399.0, 9900.0, 5699.0, 481.0, 22.0
6563, 7399.0, 9853.0, 5660.0, 482.0, 22.0
6564, 7399.0, 9920.0, 5701.0, 484.0, 22.0
6565, 7399.0, 9836.0, 5651.0, 482.0, 22.0
6566, 7399.0, 9965.0, 5727.0, 485.0, 22.0
6566, 7800.0, 19199.0, 6603.0, 628.0, 36.0
6567, 7399.0, 9882.0, 5677.0, 481.0, 22.0
6567, 7786.0, 19314.0, 6543.0, 642.0, 36.0
6568, 3812.0, 16696.0, 6567.0, 624.0, 32.0
6568, 7399.0, 9910.0, 5691.0, 484.0, 22.0
6568, 7773.0, 18632.0, 6607.0, 626.0, 35.0
6569, 3811.0, 15607.0, 6850.0, 706.0, 29.0
6569, 7399.0, 9859.0, 5657.0, 482.0, 22.0
6569, 7759.0, 18839.0, 6609.0, 651.0, 35.0
6570, 3810.0, 15707.0, 6870.0, 715.0, 29.0
6570, 7399.0, 9991.0, 5724.0, 493.0, 22.0
6570, 7746.0, 18761.0, 6683.0, 627.0, 35.0
6571, 3810.0, 15633.0, 6885.0, 705.0, 29.0
6571, 7399.0, 9944.0, 5684.0, 489.0, 22.0
6571, 7732.0, 19185.0, 6792.0, 651.0, 35.0
6572, 3809.0, 16250.0, 6786.0, 719.0, 30.0
6572, 7399.0, 9909.0, 5673.0, 486.0, 22.0
6572, 7718.0, 18682.0, 6624.0, 630.0, 35.0
6573, 3808.0, 16818.0, 6684.0, 737.0, 31.0
6573, 7399.0, 9848.0, 5653.0, 484.0, 22.0
6573, 7705.0, 18156.0, 6696.0, 634.0, 34.0
6574, 3808.0, 16125.0, 6797.0, 703.0, 30.0
6574, 7399.0, 9895.0, 5652.0, 486.0, 22.0
6574, 7690.0, 18772.0, 6667.0, 637.0, 35.0
6575, 3808.0, 15502.0, 6860.0, 685.0, 29.0
6575, 7399.0, 9855.0, 5635.0, 486.0, 22.0
6575, 7677.0, 18664.0, 6657.0, 624.0, 35.0
6576, 3807.0, 15823.0, 6947.0, 711.0, 29.0
6576, 7399.0, 10040.0, 5731.0, 494.0, 22.0
6576, 7468.0, 11436.0, 6515.0, 520.0, 23.0
6576, 7523.0, 11071.0, 6672.0, 549.0, 22.0
6576, 7663.0, 18478.0, 6770.0, 659.0, 34.0
6577, 3806.0, 15862.0, 6928.0, 718.0, 29.0
6577, 7399.0, 9976.0, 5694.0, 493.0, 22.0
6577, 7506.0, 19443.0, 6854.0, 675.0, 35.0
6577, 7649.0, 18310.0, 6741.0, 645.0, 34.0
6578, 3804.0, 16830.0, 6965.0, 759.0, 30.0
6578, 7399.0, 10139.0, 5796.0, 499.0, 22.0
6578, 7507.0, 15848.0, 7097.0, 693.0, 29.0
6578, 7632.0, 21743.0, 6895.0, 722.0, 38.0
6579, 3803.0, 16718.0, 6909.0, 741.0, 30.0
6579, 7399.0, 10157.0, 5800.0, 501.0, 22.0
6579, 7509.0, 13560.0, 6754.0, 614.0, 26.0
6579, 7621.0, 19446.0, 6879.0, 660.0, 35.0
6580, 3803.0, 15436.0, 7076.0, 697.0, 28.0
6580, 7399.0, 10219.0, 5823.0, 505.0, 22.0
6580, 7513.0, 13088.0, 6896.0, 608.0, 25.0
6580, 7607.0, 20068.0, 6956.0, 660.0, 36.0
6581, 3801.0, 15845.0, 6826.0, 723.0, 29.0
6581, 7399.0, 9964.0, 5673.0, 494.0, 22.0
6581, 7513.0, 15295.0, 6702.0, 660.0, 29.0
6581, 7593.0, 18535.0, 6738.0, 675.0, 34.0
6582, 3800.0, 16273.0, 6858.0, 713.0, 30.0
6582, 7399.0, 9965.0, 5670.0, 496.0, 22.0
6582, 7512.0, 14195.0, 6840.0, 660.0, 27.0
6582, 7580.0, 17735.0, 6791.0, 651.0, 33.0
6583, 3798.0, 15730.0, 6834.0, 693.0, 29.0
6583, 7399.0, 10110.0, 5751.0, 502.0, 22.0
6583, 7510.0, 12976.0, 6894.0, 614.0, 25.0
6583, 7566.0, 18642.0, 6862.0, 659.0, 34.0
6584, 3797.0, 15052.0, 6843.0, 693.0, 28.0
6584, 7399.0, 9940.0, 5661.0, 491.0, 22.0
6584, 7505.0, 12795.0, 6773.0, 592.0, 25.0
6584, 7552.0, 19856.0, 6836.0, 763.0, 35.0
6585, 3795.0, 15534.0, 6767.0, 676.0, 29.0
6585, 7399.0, 9908.0, 5649.0, 490.0, 22.0
6585, 7499.0, 13264.0, 6670.0, 591.0, 26.0
6585, 7537.0, 25353.0, 6765.0, 669.0, 46.0
6586, 3793.0, 15429.0, 6719.0, 683.0, 29.0
6586, 7399.0, 9866.0, 5593.0, 491.0, 22.0
6586, 7495.0, 33329.0, 6669.0, 643.0, 63.0
6587, 3791.0, 15655.0, 6783.0, 693.0, 29.0
6587, 7399.0, 9958.0, 5671.0, 496.0, 22.0
6587, 7489.0, 31558.0, 6793.0, 734.0, 55.0
6588, 3789.0, 15797.0, 6882.0, 709.0, 29.0
6588, 7399.0, 9945.0, 5647.0, 497.0, 22.0
6588, 7482.0, 29642.0, 6799.0, 813.0, 51.0
6589, 3787.0, 15607.0, 6823.0, 709.0, 29.0
6589, 7399.0, 9904.0, 5609.0, 493.0, 22.0
6589, 7474.0, 23665.0, 6484.0, 651.0, 43.0
6590, 3785.0, 15356.0, 6792.0, 688.0, 29.0
6590, 7399.0, 9767.0, 5540.0, 488.0, 22.0
6590, 7464.0, 21962.0, 6610.0, 826.0, 38.0
6591, 3782.0, 16307.0, 6761.0, 721.0, 30.0
6591, 7399.0, 9991.0, 5675.0, 497.0, 22.0
6591, 7454.0, 24357.0, 6956.0, 834.0, 40.0
6592, 3780.0, 16039.0, 6706.0, 695.0, 30.0
6592, 7399.0, 9826.0, 5579.0, 492.0, 22.0
6592, 7441.0, 18778.0, 6693.0, 638.0, 35.0
6593, 3778.0, 15522.0, 6731.0, 703.0, 29.0
6593, 7399.0, 31883.0, 5542.0, 736.0, 62.0
6594, 3775.0, 15738.0, 6513.0, 687.0, 30.0
6594, 7399.0, 25007.0, 5487.0, 701.0, 49.0
6595, 3773.0, 16042.0, 6700.0, 696.0, 30.0
6595, 7399.0, 18632.0, 5882.0, 708.0, 35.0
6596, 3770.0, 15979.0, 6576.0, 700.0, 30.0
6596, 7429.0, 8669.0, 6295.0, 493.0, 18.0
6597, 3767.0, 16661.0, 6645.0, 719.0, 31.0
6597, 7399.0, 10169.0, 5519.0, 485.0, 23.0
6598, 3764.0, 16229.0, 6625.0, 726.0, 30.0
6598, 7399.0, 9732.0, 5543.0, 485.0, 22.0
6599, 3761.0, 16980.0, 6600.0, 743.0, 31.0
6599, 7399.0, 9826.0, 5587.0, 492.0, 22.0
6600, 3759.0, 16538.0, 6768.0, 764.0, 30.0
6600, 7399.0, 9628.0, 5462.0, 483.0, 22.0
6601, 3756.0, 17094.0, 6764.0, 763.0, 31.0
6601, 7399.0, 9824.0, 5587.0, 490.0, 22.0
6602, 3754.0, 16317.0, 6762.0, 735.0, 30.0
6602, 7399.0, 9765.0, 5554.0, 488.0, 22.0
6603, 3752.0, 16612.0, 6944.0, 773.0, 30.0
6603, 7399.0, 10315.0, 5580.0, 493.0, 23.0
6604, 3750.0, 15748.0, 6573.0, 721.0, 30.0
6604, 7399.0, 9399.0, 5345.0, 471.0, 22.0
6605, 3747.0, 16044.0, 6663.0, 709.0, 30.0
6605, 7399.0, 9774.0, 5561.0, 488.0, 22.0
6606, 3745.0, 16309.0, 6739.0, 724.0, 30.0
6606, 7399.0, 9907.0, 5637.0, 495.0, 22.0
6607, 3743.0, 15465.0, 6667.0, 710.0, 29.0
6607, 7399.0, 9657.0, 5504.0, 480.0, 22.0
6608, 3740.0, 16362.0, 6830.0, 724.0, 30.0
6608, 7399.0, 9971.0, 5672.0, 496.0, 22.0
6609, 3737.0, 16696.0, 6962.0, 761.0, 30.0
6609, 7399.0, 9960.0, 5671.0, 496.0, 22.0
6610, 3734.0, 16164.0, 6655.0, 723.0, 30.0
6610, 7399.0, 9720.0, 5539.0, 482.0, 22.0
6611, 3731.0, 16068.0, 6621.0, 716.0, 30.0
6611, 7399.0, 9673.0, 5511.0, 481.0, 22.0
6612, 3727.0, 17852.0, 6722.0, 767.0, 32.0
6612, 7399.0, 10019.0, 5714.0, 496.0, 22.0
6613, 3724.0, 17194.0, 6703.0, 759.0, 31.0
6613, 7399.0, 9877.0, 5629.0, 491.0, 22.0
6614, 3721.0, 17946.0, 6680.0, 805.0, 32.0
6614, 7399.0, 9738.0, 5572.0, 482.0, 22.0
6615, 3718.0, 17163.0, 6694.0, 759.0, 31.0
6615, 7399.0, 9841.0, 5604.0, 489.0, 22.0
6616, 3715.0, 16911.0, 6687.0, 748.0, 31.0
6616, 7399.0, 9729.0, 5550.0, 483.0, 22.0
6617, 3712.0, 16395.0, 6715.0, 746.0, 30.0
6617, 7399.0, 9773.0, 5575.0, 484.0, 22.0
6618, 3708.0, 16453.0, 6529.0, 706.0, 31.0
6618, 7399.0, 9637.0, 5508.0, 477.0, 22.0
6619, 3705.0, 16992.0, 6671.0, 772.0, 31.0
6619, 7399.0, 9649.0, 5516.0, 477.0, 22.0
6620, 3702.0, 16197.0, 6642.0, 738.0, 30.0
6620, 7399.0, 9684.0, 5524.0, 479.0, 22.0
6621, 3699.0, 16210.0, 6705.0, 714.0, 30.0
6621, 7399.0, 9846.0, 5639.0, 484.0, 22.0
6622, 3696.0, 15983.0, 6611.0, 709.0, 30.0
6622, 7399.0, 9682.0, 5542.0, 474.0, 22.0
6623, 3693.0, 16123.0, 6675.0, 718.0, 30.0
6623, 7399.0, 9725.0, 5570.0, 476.0, 22.0
6624, 3690.0, 16417.0, 6793.0, 735.0, 30.0
6624, 7399.0, 9976.0, 5704.0, 490.0, 22.0
6625, 3687.0, 16398.0, 6831.0, 730.0, 30.0
6625, 7399.0, 9955.0, 5702.0, 489.0, 22.0
6626, 3683.0, 16593.0, 6825.0, 726.0, 30.0
6626, 7399.0, 10216.0, 5862.0, 501.0, 22.0
6627, 3680.0, 16269.0, 6710.0, 715.0, 30.0
6627, 7399.0, 9991.0, 5733.0, 486.0, 22.0
6628, 3677.0, 15822.0, 6631.0, 698.0, 30.0
6628, 7399.0, 9701.0, 5544.0, 475.0, 22.0
6629, 3674.0, 16301.0, 6818.0, 721.0, 30.0
6629, 7399.0, 10016.0, 5751.0, 488.0, 22.0
6630, 3670.0, 16149.0, 6664.0, 702.0, 30.0
6630, 7399.0, 9918.0, 5693.0, 485.0, 22.0
6631, 3667.0, 16363.0, 6740.0, 758.0, 30.0
6631, 7399.0, 9984.0, 5723.0, 488.0, 22.0
6632, 3663.0, 16715.0, 6667.0, 697.0, 31.0
6632, 7399.0, 10057.0, 5781.0, 490.0, 22.0
6633, 3654.0, 19769.0, 6649.0, 717.0, 36.0
6633, 7399.0, 9500.0, 5727.0, 486.0, 21.0
6634, 3655.0, 21803.0, 6826.0, 1023.0, 35.0
6634, 7399.0, 9572.0, 5787.0, 487.0, 21.0
6635, 3654.0, 17215.0, 6710.0, 779.0, 31.0
6635, 7399.0, 9446.0, 5709.0, 479.0, 21.0
6636, 3652.0, 16400.0, 6717.0, 760.0, 30.0
6636, 7399.0, 9520.0, 5754.0, 485.0, 21.0
6637, 3649.0, 15109.0, 6482.0, 683.0, 29.0
6637, 7399.0, 9300.0, 5627.0, 472.0, 21.0
6638, 3646.0, 15640.0, 6555.0, 669.0, 30.0
6638, 7400.0, 9002.0, 5710.0, 478.0, 20.0
6639, 3643.0, 15856.0, 6598.0, 680.0, 30.0
6639, 7400.0, 9072.0, 5767.0, 478.0, 20.0
6640, 3641.0, 15395.0, 6646.0, 685.0, 29.0
6640, 7400.0, 9060.0, 5762.0, 482.0, 20.0
6641, 3639.0, 15978.0, 6948.0, 704.0, 29.0
6641, 7400.0, 9401.0, 6001.0, 494.0, 20.0
6642, 3637.0, 15532.0, 6849.0, 673.0, 29.0
6642, 7400.0, 9761.0, 5900.0, 493.0, 21.0
6643, 3635.0, 15468.0, 6848.0, 672.0, 29.0
6643, 7400.0, 9246.0, 5888.0, 489.0, 20.0
6644, 3632.0, 15455.0, 6728.0, 669.0, 29.0
6644, 7400.0, 9234.0, 5890.0, 488.0, 20.0
6645, 3630.0, 15256.0, 6665.0, 659.0, 29.0
6645, 7400.0, 9095.0, 5814.0, 476.0, 20.0
6646, 3627.0, 15992.0, 6724.0, 668.0, 30.0
6646, 7400.0, 9266.0, 5919.0, 488.0, 20.0
6647, 3624.0, 20305.0, 6689.0, 692.0, 37.0
6647, 7400.0, 9259.0, 5921.0, 487.0, 20.0
6648, 3622.0, 17766.0, 6823.0, 750.0, 32.0
6648, 7400.0, 9188.0, 5873.0, 483.0, 20.0
6649, 3619.0, 16830.0, 6690.0, 701.0, 31.0
6649, 7400.0, 9322.0, 5968.0, 486.0, 20.0
6650, 3617.0, 16053.0, 6739.0, 672.0, 30.0
6650, 7400.0, 9352.0, 5997.0, 487.0, 20.0
6651, 3615.0, 16274.0, 6818.0, 702.0, 30.0
6651, 7401.0, 8385.0, 5989.0, 486.0, 18.0
6652, 3612.0, 15774.0, 6606.0, 658.0, 30.0
6652, 7401.0, 8740.0, 5892.0, 481.0, 19.0
6653, 3610.0, 15555.0, 6746.0, 697.0, 29.0
6653, 7401.0, 8724.0, 5874.0, 480.0, 19.0
6654, 3607.0, 15849.0, 6620.0, 666.0, 30.0
6654, 7401.0, 8321.0, 5938.0, 480.0, 18.0
6655, 3605.0, 15834.0, 6653.0, 665.0, 30.0
6655, 7401.0, 8279.0, 5915.0, 479.0, 18.0
6656, 3602.0, 16200.0, 6796.0, 674.0, 30.0
6656, 7401.0, 8544.0, 6105.0, 492.0, 18.0
6657, 3600.0, 16241.0, 6839.0, 695.0, 30.0
6657, 7401.0, 8413.0, 6008.0, 486.0, 18.0
6658, 3597.0, 17466.0, 6762.0, 702.0, 32.0
6658, 7401.0, 7940.0, 6021.0, 483.0, 17.0
6659, 3594.0, 16120.0, 6738.0, 685.0, 30.0
6659, 7402.0, 7459.0, 6023.0, 480.0, 16.0
6660, 3591.0, 16253.0, 6736.0, 686.0, 30.0
6660, 7401.0, 8052.0, 6114.0, 488.0, 17.0
6661, 3589.0, 15714.0, 6797.0, 684.0, 29.0
6662, 3586.0, 15647.0, 6827.0, 670.0, 29.0
6663, 3583.0, 18752.0, 6840.0, 769.0, 33.0
6664, 3581.0, 19940.0, 6696.0, 684.0, 37.0
6665, 3577.0, 16293.0, 6721.0, 702.0, 30.0
6666, 3575.0, 15548.0, 6738.0, 681.0, 29.0
6667, 3572.0, 15475.0, 6714.0, 672.0, 29.0
6668, 3568.0, 15868.0, 6607.0, 659.0, 30.0
6669, 3566.0, 15289.0, 6696.0, 651.0, 29.0
6670, 3563.0, 15394.0, 6649.0, 685.0, 29.0
6671, 3560.0, 15747.0, 6535.0, 655.0, 30.0
6672, 3557.0, 15830.0, 6561.0, 664.0, 30.0
6673, 3555.0, 16040.0, 6768.0, 675.0, 30.0
6674, 3552.0, 15510.0, 6782.0, 668.0, 29.0
6675, 3549.0, 15777.0, 6618.0, 662.0, 30.0
6676, 3546.0, 16024.0, 6657.0, 670.0, 30.0
6677, 3544.0, 16215.0, 6757.0, 687.0, 30.0
6678, 3541.0, 15738.0, 6588.0, 661.0, 30.0
6679, 3539.0, 16782.0, 6728.0, 709.0, 31.0
6680, 3536.0, 16195.0, 6769.0, 698.0, 30.0
6681, 3532.0, 16616.0, 6607.0, 691.0, 31.0
6682, 3529.0, 18487.0, 6785.0, 744.0, 33.0
6683, 3524.0, 19458.0, 6746.0, 798.0, 34.0
6684, 3523.0, 17042.0, 6807.0, 708.0, 31.0
6685, 3520.0, 17090.0, 6768.0, 717.0, 31.0
6686, 3517.0, 16931.0, 6728.0, 708.0, 31.0
6687, 3515.0, 16596.0, 6882.0, 722.0, 30.0
6688, 3511.0, 16787.0, 6679.0, 693.0, 31.0
6689, 3508.0, 16963.0, 6750.0, 712.0, 31.0
6690, 3505.0, 16227.0, 6647.0, 714.0, 30.0
6691, 3502.0, 16220.0, 6719.0, 691.0, 30.0
6692, 3498.0, 17267.0, 6797.0, 734.0, 31.0
6693, 3495.0, 16822.0, 6651.0, 702.0, 31.0
6694, 3492.0, 16265.0, 6736.0, 701.0, 30.0
6695, 3488.0, 16643.0, 6616.0, 694.0, 31.0
6696, 3485.0, 16183.0, 6798.0, 689.0, 30.0
6697, 3481.0, 16011.0, 6732.0, 682.0, 30.0
6698, 3476.0, 16985.0, 6719.0, 713.0, 31.0
6699, 3472.0, 17470.0, 6589.0, 737.0, 32.0
6700, 3468.0, 16982.0, 6772.0, 706.0, 31.0
6701, 3461.0, 18837.0, 6683.0, 718.0, 34.0
6702, 3458.0, 17219.0, 6761.0, 750.0, 31.0
6703, 3453.0, 16893.0, 6608.0, 723.0, 31.0
6704, 3449.0, 16257.0, 6726.0, 699.0, 30.0
6705, 3444.0, 16557.0, 6627.0, 688.0, 31.0
6706, 3439.0, 16721.0, 6690.0, 686.0, 31.0
6706, 3493.0, 17269.0, 6558.0, 535.0, 34.0
6707, 3435.0, 16215.0, 6791.0, 690.0, 30.0
6707, 3492.0, 21440.0, 6783.0, 604.0, 41.0
6708, 3418.0, 22689.0, 6516.0, 681.0, 43.0
6708, 3511.0, 10882.0, 6527.0, 528.0, 22.0
6709, 3418.0, 20633.0, 6752.0, 666.0, 38.0
6710, 3419.0, 17420.0, 6608.0, 716.0, 32.0
6711, 3412.0, 19241.0, 6583.0, 735.0, 35.0
6712, 3405.0, 20528.0, 6738.0, 705.0, 37.0
6713, 3404.0, 20056.0, 6812.0, 866.0, 34.0
6714, 3400.0, 21138.0, 6688.0, 765.0, 37.0
6715, 3394.0, 20196.0, 6541.0, 767.0, 36.0
6716, 3389.0, 17581.0, 6631.0, 746.0, 32.0
6717, 3385.0, 17886.0, 6686.0, 763.0, 32.0
6718, 3380.0, 16869.0, 6726.0, 697.0, 31.0
6719, 3375.0, 16887.0, 6715.0, 707.0, 31.0
6720, 3371.0, 16772.0, 6976.0, 738.0, 30.0
6720, 3476.0, 10477.0, 6566.0, 526.0, 21.0
6721, 3364.0, 17590.0, 6751.0, 719.0, 32.0
6722, 3358.0, 17928.0, 6762.0, 767.0, 32.0
6723, 3354.0, 17872.0, 6841.0, 745.0, 32.0
6724, 3348.0, 17248.0, 6567.0, 712.0, 32.0
6725, 3343.0, 17423.0, 6834.0, 774.0, 31.0
6726, 3338.0, 17615.0, 7008.0, 778.0, 31.0
6726, 7475.0, 12419.0, 6890.0, 597.0, 24.0
6727, 3332.0, 18615.0, 6828.0, 763.0, 33.0
6728, 3326.0, 19004.0, 6865.0, 805.0, 33.0
6729, 3324.0, 22914.0, 7087.0, 733.0, 41.0
6730, 3346.0, 12884.0, 6483.0, 525.0, 26.0
6732, 7530.0, 13724.0, 6911.0, 657.0, 26.0
6813, 5725.0, 9215.0, 6363.0, 508.0, 19.0
6989, 4195.0, 9133.0, 6312.0, 505.0, 19.0
7024, 4256.0, 12859.0, 6796.0, 596.0, 25.0
7025, 4260.0, 13347.0, 6742.0, 597.0, 26.0
7026, 4264.0, 13658.0, 6873.0, 608.0, 26.0
7027, 4268.0, 14209.0, 6880.0, 609.0, 27.0
7028, 4273.0, 13425.0, 6806.0, 594.0, 26.0
7029, 4277.0, 13391.0, 6752.0, 593.0, 26.0
7030, 4281.0, 13450.0, 6760.0, 596.0, 26.0
7032, 4289.0, 13868.0, 6701.0, 595.0, 27.0
7033, 4294.0, 13406.0, 6800.0, 595.0, 26.0
7034, 4298.0, 13426.0, 6768.0, 598.0, 26.0
7035, 4302.0, 13173.0, 6650.0, 588.0, 26.0
7036, 4306.0, 14020.0, 6796.0, 619.0, 27.0
7037, 4310.0, 13501.0, 6794.0, 600.0, 26.0
7038, 4314.0, 13975.0, 6727.0, 614.0, 27.0
7039, 4318.0, 14171.0, 6836.0, 654.0, 27.0
7040, 4316.0, 19307.0, 6550.0, 661.0, 36.0
7041, 4316.0, 22369.0, 6679.0, 765.0, 40.0
7042, 4329.0, 17310.0, 6701.0, 706.0, 32.0
7043, 4334.0, 17919.0, 6763.0, 687.0, 33.0
7044, 4337.0, 16673.0, 6649.0, 711.0, 31.0
7045, 4337.0, 18280.0, 6596.0, 763.0, 33.0
7046, 4343.0, 15929.0, 6540.0, 591.0, 31.0
7047, 4352.0, 13181.0, 6659.0, 587.0, 26.0
7048, 4356.0, 13384.0, 6755.0, 595.0, 26.0
7049, 4361.0, 12658.0, 6712.0, 583.0, 25.0
7050, 4364.0, 13888.0, 6722.0, 601.0, 27.0
7051, 4369.0, 13300.0, 6777.0, 593.0, 26.0
7052, 4373.0, 13209.0, 6688.0, 585.0, 26.0
7053, 4377.0, 13355.0, 6769.0, 596.0, 26.0
7054, 4381.0, 13328.0, 6736.0, 596.0, 26.0
7055, 4384.0, 13887.0, 6668.0, 618.0, 27.0
7056, 4387.0, 15095.0, 6622.0, 645.0, 29.0
7057, 4389.0, 16723.0, 6542.0, 626.0, 32.0
7058, 4396.0, 15466.0, 6810.0, 675.0, 29.0
7059, 4401.0, 13869.0, 6702.0, 590.0, 27.0
7060, 4405.0, 14624.0, 6771.0, 619.0, 28.0
7061, 4408.0, 14830.0, 6579.0, 608.0, 29.0
7062, 4408.0, 16949.0, 6704.0, 624.0, 32.0
7063, 4418.0, 13131.0, 6675.0, 577.0, 26.0
7064, 4422.0, 13362.0, 6776.0, 602.0, 26.0
7065, 4426.0, 13519.0, 6864.0, 600.0, 26.0
7066, 4430.0, 13215.0, 6696.0, 583.0, 26.0
7067, 4434.0, 13245.0, 6709.0, 588.0, 26.0
7068, 4438.0, 13331.0, 6717.0, 599.0, 26.0
7069, 4442.0, 13427.0, 6800.0, 606.0, 26.0
7070, 4445.0, 13902.0, 6677.0, 594.0, 27.0
7071, 4450.0, 12948.0, 6535.0, 575.0, 26.0
7072, 4455.0, 12674.0, 6689.0, 578.0, 25.0
7073, 4458.0, 13391.0, 6476.0, 572.0, 27.0
7074, 4462.0, 13628.0, 6583.0, 583.0, 27.0
7075, 4466.0, 13696.0, 6616.0, 607.0, 27.0
7076, 4468.0, 15375.0, 6758.0, 663.0, 29.0
7077, 4470.0, 16312.0, 6575.0, 646.0, 31.0
7078, 4473.0, 16557.0, 6516.0, 611.0, 32.0
7079, 4475.0, 18277.0, 6512.0, 604.0, 35.0
7080, 4479.0, 18530.0, 6656.0, 614.0, 35.0
7081, 4480.0, 20646.0, 6570.0, 663.0, 38.0
7082, 4481.0, 22611.0, 6576.0, 690.0, 41.0
7083, 4491.0, 21950.0, 6611.0, 686.0, 40.0
7084, 4496.0, 21361.0, 6651.0, 723.0, 38.0
7085, 4500.0, 19497.0, 6687.0, 730.0, 35.0
7086, 4504.0, 17530.0, 6576.0, 591.0, 34.0
7087, 4503.0, 19947.0, 6515.0, 586.0, 39.0
7088, 4498.0, 26093.0, 6681.0, 711.0, 48.0
7089, 4409.0, 9068.0, 6279.0, 500.0, 19.0
7089, 4479.0, 37653.0, 6430.0, 629.0, 70.0
7090, 4480.0, 41340.0, 6477.0, 673.0, 75.0
7091, 4489.0, 15521.0, 6661.0, 602.0, 30.0
7091, 4532.0, 13215.0, 6639.0, 584.0, 26.0
7092, 4536.0, 13052.0, 6569.0, 577.0, 26.0
7093, 4540.0, 13709.0, 6591.0, 600.0, 27.0
7093, 5656.0, 10696.0, 6387.0, 519.0, 22.0
7094, 4544.0, 13177.0, 6635.0, 588.0, 26.0
7095, 4549.0, 13153.0, 6663.0, 579.0, 26.0
7096, 4552.0, 13622.0, 6540.0, 580.0, 27.0
7097, 4557.0, 13154.0, 6664.0, 580.0, 26.0
7098, 4561.0, 13025.0, 6584.0, 579.0, 26.0
7099, 4565.0, 13166.0, 6629.0, 580.0, 26.0
7100, 4569.0, 13500.0, 6527.0, 573.0, 27.0
7101, 4573.0, 13857.0, 6671.0, 596.0, 27.0
7102, 4577.0, 13830.0, 6655.0, 602.0, 27.0
7103, 4581.0, 13658.0, 6607.0, 594.0, 27.0
7103, 4617.0, 12243.0, 6464.0, 545.0, 25.0
7104, 4586.0, 13746.0, 6664.0, 591.0, 27.0
7104, 4623.0, 7733.0, 6323.0, 501.0, 16.0
7105, 4590.0, 14034.0, 6839.0, 601.0, 27.0
7106, 4594.0, 13762.0, 6669.0, 587.0, 27.0
7107, 4599.0, 13398.0, 6807.0, 588.0, 26.0
7108, 4603.0, 13141.0, 6640.0, 582.0, 26.0
7109, 4607.0, 13518.0, 6827.0, 598.0, 26.0
7110, 4611.0, 21504.0, 6811.0, 599.0, 41.0
7111, 4614.0, 20395.0, 6692.0, 610.0, 39.0
7112, 4619.0, 14100.0, 6816.0, 611.0, 27.0
7113, 4623.0, 13816.0, 6736.0, 591.0, 27.0
7114, 4628.0, 18991.0, 6899.0, 622.0, 36.0
7115, 4631.0, 18704.0, 6817.0, 615.0, 35.0
7116, 4636.0, 15451.0, 6848.0, 640.0, 29.0
7117, 4639.0, 14935.0, 6875.0, 640.0, 28.0
7118, 4644.0, 14044.0, 6764.0, 596.0, 27.0
7119, 4649.0, 13280.0, 6714.0, 585.0, 26.0
7120, 4653.0, 13778.0, 6725.0, 611.0, 27.0
7121, 4656.0, 14125.0, 6781.0, 604.0, 27.0
7122, 4661.0, 13526.0, 6847.0, 615.0, 26.0
7123, 4665.0, 13106.0, 6626.0, 578.0, 26.0
7124, 4669.0, 13381.0, 6754.0, 590.0, 26.0
7125, 4673.0, 13468.0, 6775.0, 592.0, 26.0
7126, 4677.0, 13190.0, 6652.0, 582.0, 26.0
7127, 4681.0, 13785.0, 6696.0, 587.0, 27.0
7128, 4685.0, 13998.0, 6796.0, 591.0, 27.0
7129, 4689.0, 13827.0, 6703.0, 584.0, 27.0
7130, 4693.0, 13886.0, 6722.0, 591.0, 27.0
7131, 4697.0, 14007.0, 6777.0, 600.0, 27.0
7132, 4701.0, 13913.0, 6704.0, 590.0, 27.0
7133, 4705.0, 14568.0, 6747.0, 609.0, 28.0
7134, 4709.0, 14932.0, 6866.0, 623.0, 28.0
7135, 4714.0, 17745.0, 6806.0, 646.0, 33.0
7200, 4973.0, 13243.0, 6705.0, 575.0, 26.0
7215, 5031.0, 16650.0, 6746.0, 575.0, 32.0
7264, 5206.0, 23508.0, 6848.0, 704.0, 43.0
7265, 5211.0, 14696.0, 6762.0, 612.0, 28.0
7266, 5215.0, 21340.0, 6684.0, 585.0, 41.0
7267, 5219.0, 19815.0, 6748.0, 595.0, 37.0
7268, 5223.0, 15398.0, 6691.0, 582.0, 30.0
7269, 5226.0, 13891.0, 6731.0, 587.0, 27.0
7269, 5272.0, 12080.0, 6645.0, 550.0, 24.0
7270, 5230.0, 14055.0, 6823.0, 602.0, 27.0
7271, 5234.0, 13219.0, 6693.0, 577.0, 26.0
7272, 5237.0, 13778.0, 6684.0, 580.0, 27.0
7273, 5241.0, 13551.0, 6814.0, 591.0, 26.0
7274, 5245.0, 13514.0, 6841.0, 588.0, 26.0
7275, 5248.0, 12883.0, 6469.0, 562.0, 26.0
7276, 5252.0, 13375.0, 6780.0, 584.0, 26.0
7277, 5255.0, 14253.0, 6889.0, 620.0, 27.0
7278, 5256.0, 17346.0, 6770.0, 694.0, 32.0
7279, 5258.0, 16882.0, 6762.0, 690.0, 31.0
7280, 5265.0, 13841.0, 6727.0, 583.0, 27.0
7280, 5333.0, 10331.0, 6479.0, 521.0, 21.0
7281, 5269.0, 12975.0, 6526.0, 571.0, 26.0
7281, 5332.0, 10612.0, 6339.0, 515.0, 22.0
7282, 5272.0, 13774.0, 6641.0, 584.0, 27.0
7283, 5276.0, 13306.0, 6720.0, 586.0, 26.0
7284, 5279.0, 13618.0, 6566.0, 575.0, 27.0
7285, 5283.0, 13252.0, 6681.0, 583.0, 26.0
7286, 5286.0, 13908.0, 6738.0, 607.0, 27.0
7287, 5289.0, 13732.0, 6626.0, 584.0, 27.0
7288, 5293.0, 13339.0, 6715.0, 582.0, 26.0
7289, 5296.0, 13663.0, 6611.0, 579.0, 27.0
7290, 5300.0, 13294.0, 6704.0, 582.0, 26.0
7291, 5303.0, 13993.0, 6756.0, 592.0, 27.0
7292, 5306.0, 14427.0, 6685.0, 589.0, 28.0
7293, 5309.0, 14316.0, 6600.0, 588.0, 28.0
7293, 5944.0, 14042.0, 6538.0, 541.0, 28.0
7294, 5313.0, 13848.0, 6686.0, 581.0, 27.0
7294, 5949.0, 12992.0, 6535.0, 532.0, 26.0
7295, 5316.0, 13567.0, 6515.0, 573.0, 27.0
7295, 5910.0, 9119.0, 6299.0, 501.0, 19.0
7296, 5320.0, 13477.0, 6517.0, 579.0, 27.0
7297, 5323.0, 13530.0, 6498.0, 576.0, 27.0
7298, 5327.0, 13366.0, 6508.0, 568.0, 27.0
7299, 5330.0, 13636.0, 6615.0, 576.0, 27.0
7300, 5333.0, 14160.0, 6577.0, 591.0, 28.0
7301, 5335.0, 15761.0, 6680.0, 652.0, 30.0
7302, 5338.0, 14907.0, 6602.0, 605.0, 29.0
7303, 5343.0, 13686.0, 6594.0, 581.0, 27.0
7304, 5346.0, 13589.0, 6530.0, 571.0, 27.0
7305, 5350.0, 13259.0, 6672.0, 573.0, 26.0
7306, 5354.0, 13085.0, 6653.0, 568.0, 26.0
7307, 5357.0, 13180.0, 6679.0, 573.0, 26.0
7308, 5359.0, 14375.0, 6606.0, 604.0, 28.0
7309, 5343.0, 23751.0, 6372.0, 593.0, 47.0
7310, 5366.0, 13860.0, 6688.0, 584.0, 27.0
7311, 5370.0, 14363.0, 6712.0, 586.0, 28.0
7312, 5372.0, 14514.0, 6690.0, 607.0, 28.0
7313, 5375.0, 15040.0, 6672.0, 605.0, 29.0
7314, 5378.0, 17773.0, 6623.0, 611.0, 34.0
7315, 5381.0, 15768.0, 6673.0, 641.0, 30.0
7316, 5383.0, 15139.0, 6680.0, 618.0, 29.0
7316, 7217.0, 9937.0, 6510.0, 505.0, 20.0
7317, 5387.0, 14890.0, 6579.0, 598.0, 29.0
7317, 7198.0, 25478.0, 6643.0, 624.0, 49.0
7318, 5389.0, 15862.0, 6768.0, 625.0, 30.0
7318, 7200.0, 12597.0, 6617.0, 543.0, 25.0
7319, 5391.0, 15724.0, 6473.0, 575.0, 31.0
7320, 5398.0, 13638.0, 6601.0, 576.0, 27.0
7321, 5401.0, 13668.0, 6638.0, 580.0, 27.0
7322, 5404.0, 13437.0, 6492.0, 570.0, 27.0
7323, 5406.0, 15101.0, 6675.0, 643.0, 29.0
7324, 5409.0, 15577.0, 6635.0, 634.0, 30.0
7325, 5413.0, 15156.0, 6716.0, 643.0, 29.0
7326, 5416.0, 13656.0, 6567.0, 581.0, 27.0
7327, 5420.0, 13914.0, 6703.0, 602.0, 27.0
7328, 5423.0, 14453.0, 7002.0, 643.0, 27.0
7329, 5426.0, 14176.0, 6858.0, 599.0, 27.0
7329, 7464.0, 11086.0, 6634.0, 533.0, 22.0
7330, 5430.0, 13609.0, 6876.0, 597.0, 26.0
7330, 5622.0, 9052.0, 6562.0, 516.0, 18.0
7330, 7464.0, 11658.0, 6662.0, 540.0, 23.0
7331, 5432.0, 14267.0, 6629.0, 585.0, 28.0
7331, 5618.0, 14300.0, 6603.0, 582.0, 28.0
7331, 7463.0, 11263.0, 6423.0, 519.0, 23.0
7332, 5435.0, 14519.0, 6694.0, 599.0, 28.0
7332, 5620.0, 12637.0, 6641.0, 550.0, 25.0
7332, 7463.0, 10428.0, 6528.0, 524.0, 21.0
7333, 5438.0, 14523.0, 6719.0, 602.0, 28.0
7333, 5620.0, 13294.0, 6735.0, 572.0, 26.0
7333, 7464.0, 10927.0, 6536.0, 523.0, 22.0
7334, 5442.0, 13583.0, 6814.0, 588.0, 26.0
7334, 5622.0, 10063.0, 6589.0, 522.0, 20.0
7335, 5445.0, 14039.0, 6793.0, 588.0, 27.0
7336, 5448.0, 13933.0, 6714.0, 586.0, 27.0
7337, 5451.0, 13962.0, 6727.0, 584.0, 27.0
7338, 5454.0, 13893.0, 6660.0, 580.0, 27.0
7339, 5457.0, 13944.0, 6706.0, 581.0, 27.0
7339, 7767.0, 8509.0, 6545.0, 512.0, 17.0
7340, 5461.0, 13742.0, 6693.0, 581.0, 27.0
7340, 7762.0, 16321.0, 6758.0, 621.0, 31.0
7341, 5464.0, 13754.0, 6686.0, 580.0, 27.0
7341, 7763.0, 16227.0, 6687.0, 606.0, 31.0
7342, 5466.0, 14307.0, 6627.0, 581.0, 28.0
7342, 7766.0, 31872.0, 6567.0, 559.0, 62.0
7343, 5470.0, 13947.0, 6766.0, 580.0, 27.0
7343, 7782.0, 49297.0, 6623.0, 551.0, 95.0
7344, 5473.0, 14032.0, 6786.0, 581.0, 27.0
7345, 5476.0, 14263.0, 6914.0, 600.0, 27.0
7346, 5479.0, 14342.0, 6921.0, 596.0, 27.0
7347, 5482.0, 14122.0, 6814.0, 588.0, 27.0
7348, 5485.0, 14345.0, 6908.0, 608.0, 27.0
7349, 5488.0, 14193.0, 6835.0, 604.0, 27.0
7350, 5491.0, 14803.0, 6819.0, 617.0, 28.0
7351, 5494.0, 15184.0, 7035.0, 645.0, 28.0
7352, 5497.0, 14561.0, 6739.0, 591.0, 28.0
7353, 5501.0, 14070.0, 6810.0, 593.0, 27.0
7354, 5504.0, 13348.0, 6715.0, 578.0, 26.0
7355, 5507.0, 13845.0, 6696.0, 580.0, 27.0
7356, 5510.0, 13921.0, 6744.0, 585.0, 27.0
7357, 5513.0, 14044.0, 6749.0, 587.0, 27.0
7358, 5517.0, 14278.0, 6929.0, 600.0, 27.0
7359, 5520.0, 13860.0, 6731.0, 587.0, 27.0
7360, 5523.0, 12960.0, 6516.0, 562.0, 26.0
7361, 5526.0, 13553.0, 6562.0, 566.0, 27.0
7362, 5529.0, 13849.0, 6668.0, 583.0, 27.0
7363, 5532.0, 13701.0, 6582.0, 579.0, 27.0
7364, 5535.0, 14072.0, 6505.0, 581.0, 28.0
7365, 5538.0, 14265.0, 6617.0, 585.0, 28.0
7366, 5541.0, 14020.0, 6492.0, 569.0, 28.0
7367, 5545.0, 13644.0, 6629.0, 575.0, 27.0
7368, 5548.0, 13303.0, 6431.0, 580.0, 27.0
7369, 5550.0, 14371.0, 6614.0, 601.0, 28.0
7370, 5554.0, 13339.0, 6472.0, 564.0, 27.0
7371, 5557.0, 13327.0, 6421.0, 565.0, 27.0
7372, 5560.0, 13432.0, 6486.0, 571.0, 27.0
7373, 5564.0, 12935.0, 6545.0, 567.0, 26.0
7374, 5567.0, 13623.0, 6594.0, 572.0, 27.0
7375, 5572.0, 13438.0, 6525.0, 551.0, 27.0
7376, 5579.0, 11373.0, 6460.0, 510.0, 23.0
7522, 7775.0, 9598.0, 6306.0, 505.0, 20.0
7523, 7775.0, 11968.0, 6540.0, 539.0, 24.0
7524, 7777.0, 11915.0, 6535.0, 544.0, 24.0
7563, 3439.0, 9270.0, 6379.0, 504.0, 19.0
7598, 4142.0, 9890.0, 6513.0, 524.0, 20.0
7689, 7230.0, 12036.0, 6613.0, 550.0, 24.0
7860, 4009.0, 8856.0, 6442.0, 514.0, 18.0
7900, 7712.0, 9708.0, 6354.0, 504.0, 20.0
7909, 5510.0, 10991.0, 6555.0, 523.0, 22.0
8025, 3420.0, 9847.0, 6461.0, 519.0, 20.0
8066, 4112.0, 8508.0, 6548.0, 512.0, 17.0
8067, 4105.0, 13533.0, 6529.0, 535.0, 27.0
8068, 4101.0, 12596.0, 6609.0, 536.0, 25.0
8094, 6160.0, 8994.0, 6556.0, 516.0, 18.0
8095, 6159.0, 14620.0, 6757.0, 585.0, 28.0
8130, 4080.0, 12964.0, 6510.0, 520.0, 26.0
8131, 4073.0, 13525.0, 6529.0, 538.0, 27.0
8132, 4068.0, 14202.0, 6589.0, 557.0, 28.0
8133, 4064.0, 14135.0, 6544.0, 558.0, 28.0
8134, 4058.0, 15788.0, 6553.0, 570.0, 31.0
8135, 4054.0, 16703.0, 6606.0, 619.0, 32.0
8136, 4051.0, 15936.0, 6545.0, 594.0, 31.0
8137, 4047.0, 15439.0, 6654.0, 581.0, 30.0
8138, 4043.0, 15567.0, 6669.0, 585.0, 30.0
8139, 4039.0, 14896.0, 6650.0, 575.0, 29.0
8140, 4035.0, 15096.0, 6735.0, 587.0, 29.0
8141, 4031.0, 14715.0, 6557.0, 573.0, 29.0
8142, 4027.0, 14939.0, 6616.0, 577.0, 29.0
8143, 4023.0, 14615.0, 6505.0, 560.0, 29.0
8144, 4019.0, 14655.0, 6519.0, 560.0, 29.0
8145, 4015.0, 14536.0, 6470.0, 556.0, 29.0
8146, 4010.0, 18400.0, 6520.0, 572.0, 36.0
8147, 4005.0, 30963.0, 6483.0, 624.0, 60.0
8148, 4000.0, 34192.0, 6462.0, 613.0, 67.0
8149, 3994.0, 19036.0, 6436.0, 638.0, 36.0
8150, 3991.0, 18945.0, 6486.0, 645.0, 36.0
8151, 3989.0, 18637.0, 6593.0, 716.0, 34.0
8152, 3979.0, 21123.0, 6538.0, 611.0, 40.0
8153, 3977.0, 18791.0, 6552.0, 592.0, 36.0
8154, 3978.0, 15412.0, 6343.0, 558.0, 31.0
8155, 3975.0, 15075.0, 6476.0, 560.0, 30.0
8156, 3971.0, 14945.0, 6415.0, 553.0, 30.0
8157, 3968.0, 14535.0, 6499.0, 559.0, 29.0
8158, 3964.0, 14542.0, 6497.0, 553.0, 29.0
8159, 3959.0, 14707.0, 6303.0, 551.0, 30.0
8160, 3956.0, 14946.0, 6642.0, 589.0, 29.0
8161, 3953.0, 14957.0, 6711.0, 579.0, 29.0
8162, 3948.0, 14849.0, 6607.0, 573.0, 29.0
8163, 3943.0, 15395.0, 6623.0, 573.0, 30.0
8164, 3939.0, 16080.0, 6612.0, 609.0, 31.0
8165, 3936.0, 15339.0, 6547.0, 589.0, 30.0
8166, 3932.0, 14793.0, 6607.0, 572.0, 29.0
8167, 3923.0, 17695.0, 6534.0, 598.0, 34.0
8168, 3916.0, 20579.0, 6567.0, 659.0, 38.0
8169, 3912.0, 22256.0, 6618.0, 689.0, 40.0
8170, 3907.0, 24104.0, 6560.0, 667.0, 44.0
8171, 3897.0, 30826.0, 6433.0, 616.0, 58.0
8172, 3892.0, 30428.0, 6444.0, 569.0, 59.0
8173, 3890.0, 27918.0, 6367.0, 633.0, 54.0
8174, 3883.0, 29067.0, 6550.0, 678.0, 54.0
8175, 3882.0, 26454.0, 6444.0, 584.0, 51.0
8176, 3892.0, 15491.0, 6648.0, 573.0, 30.0
8177, 3888.0, 14960.0, 6670.0, 582.0, 29.0
8178, 3884.0, 15414.0, 6582.0, 588.0, 30.0
8179, 3880.0, 15300.0, 6567.0, 582.0, 30.0
8180, 3876.0, 14759.0, 6583.0, 575.0, 29.0
8181, 3872.0, 14703.0, 6528.0, 573.0, 29.0
8182, 3868.0, 14597.0, 6522.0, 565.0, 29.0
8183, 3864.0, 14922.0, 6642.0, 579.0, 29.0
8184, 3860.0, 14554.0, 6740.0, 583.0, 28.0
8185, 3856.0, 15091.0, 6746.0, 582.0, 29.0
8186, 3852.0, 14484.0, 6724.0, 578.0, 28.0
8187, 3848.0, 14090.0, 6549.0, 560.0, 28.0
8188, 3843.0, 14928.0, 6650.0, 581.0, 29.0
8189, 3840.0, 14845.0, 6642.0, 587.0, 29.0
8190, 3835.0, 14773.0, 6573.0, 572.0, 29.0
8191, 3831.0, 15827.0, 6773.0, 602.0, 30.0
8208, 3759.0, 15060.0, 6410.0, 571.0, 30.0
8209, 3756.0, 14095.0, 6528.0, 571.0, 28.0
8210, 3751.0, 14805.0, 6354.0, 555.0, 30.0
8211, 3620.0, 10743.0, 6446.0, 527.0, 22.0
8211, 3746.0, 18009.0, 6560.0, 584.0, 35.0
8212, 3620.0, 13261.0, 6393.0, 571.0, 27.0
8212, 3741.0, 24753.0, 6469.0, 662.0, 47.0
8213, 3621.0, 11679.0, 6415.0, 534.0, 24.0
8213, 3738.0, 26436.0, 6530.0, 655.0, 51.0
8214, 3735.0, 26416.0, 6498.0, 587.0, 53.0
8215, 3732.0, 13942.0, 6488.0, 562.0, 28.0
8216, 3727.0, 14562.0, 6500.0, 561.0, 29.0
8217, 3723.0, 14157.0, 6638.0, 576.0, 28.0
8218, 3719.0, 14702.0, 6529.0, 583.0, 29.0
8219, 3715.0, 14917.0, 6670.0, 584.0, 29.0
8220, 3711.0, 15148.0, 6728.0, 595.0, 29.0
8221, 3707.0, 14574.0, 6470.0, 569.0, 29.0
8222, 3703.0, 14714.0, 6527.0, 575.0, 29.0
8223, 3699.0, 15158.0, 6479.0, 576.0, 30.0
8224, 3696.0, 14708.0, 6825.0, 596.0, 28.0
8225, 3693.0, 14185.0, 6572.0, 574.0, 28.0
8225, 6947.0, 10172.0, 6366.0, 514.0, 21.0
8226, 3691.0, 13243.0, 6688.0, 555.0, 26.0
8227, 3688.0, 12473.0, 6578.0, 543.0, 25.0
8228, 3684.0, 12893.0, 6470.0, 539.0, 26.0
8228, 7545.0, 7726.0, 6309.0, 497.0, 16.0
8229, 3681.0, 12991.0, 6530.0, 541.0, 26.0
8230, 3678.0, 13712.0, 6632.0, 552.0, 27.0
8231, 3674.0, 14233.0, 6557.0, 569.0, 28.0
8232, 3666.0, 17689.0, 6552.0, 589.0, 34.0
8233, 3660.0, 20906.0, 6772.0, 738.0, 37.0
8234, 3624.0, 8541.0, 6548.0, 510.0, 17.0
8234, 3660.0, 19962.0, 6950.0, 730.0, 35.0
8235, 3608.0, 40656.0, 6483.0, 545.0, 79.0
8236, 3603.0, 16488.0, 6610.0, 557.0, 32.0
8236, 3648.0, 15698.0, 6578.0, 536.0, 31.0
8238, 3562.0, 12069.0, 6565.0, 523.0, 24.0
8239, 3561.0, 10504.0, 6537.0, 518.0, 21.0
8239, 3599.0, 11000.0, 6593.0, 539.0, 22.0
8240, 3598.0, 12168.0, 6669.0, 558.0, 24.0
8241, 3600.0, 13064.0, 6618.0, 569.0, 26.0
