4801, 4109.0, 10012.0, 6591.0, 530.0, 20.0
4802, 4106.0, 10420.0, 6536.0, 529.0, 21.0
4803, 4105.0, 10963.0, 6608.0, 547.0, 22.0
4804, 4103.0, 12210.0, 6756.0, 575.0, 24.0
4805, 4102.0, 11642.0, 6687.0, 559.0, 23.0
4806, 4101.0, 11558.0, 6635.0, 554.0, 23.0
4807, 4100.0, 11595.0, 6675.0, 558.0, 23.0
4808, 4100.0, 10928.0, 6576.0, 545.0, 22.0
4809, 4099.0, 10978.0, 6611.0, 541.0, 22.0
4810, 4098.0, 10811.0, 6501.0, 533.0, 22.0
4811, 4096.0, 11474.0, 6577.0, 551.0, 23.0
4812, 4096.0, 10862.0, 6540.0, 543.0, 22.0
4813, 4093.0, 12533.0, 6659.0, 581.0, 25.0
4814, 4093.0, 11433.0, 6584.0, 556.0, 23.0
4815, 4093.0, 10678.0, 6439.0, 532.0, 22.0
4816, 4091.0, 14172.0, 6825.0, 594.0, 27.0
4817, 4090.0, 15522.0, 6654.0, 568.0, 30.0
4821, 4087.0, 13386.0, 6781.0, 589.0, 26.0
4822, 4086.0, 11588.0, 6658.0, 557.0, 23.0
4823, 4085.0, 11352.0, 6538.0, 545.0, 23.0
4824, 4084.0, 11442.0, 6585.0, 550.0, 23.0
4825, 4083.0, 11574.0, 6646.0, 560.0, 23.0
4826, 4082.0, 11574.0, 6659.0, 561.0, 23.0
4827, 4081.0, 11565.0, 6658.0, 561.0, 23.0
4828, 4080.0, 11469.0, 6586.0, 553.0, 23.0
4829, 4079.0, 11742.0, 6744.0, 568.0, 23.0
4830, 4078.0, 11440.0, 6570.0, 552.0, 23.0
4831, 4077.0, 11651.0, 6697.0, 556.0, 23.0
4832, 4077.0, 10985.0, 6600.0, 545.0, 22.0
4833, 4076.0, 10951.0, 6582.0, 544.0, 22.0
4834, 4075.0, 10893.0, 6554.0, 541.0, 22.0
4835, 4073.0, 11398.0, 6532.0, 544.0, 23.0
4836, 4072.0, 11810.0, 6502.0, 545.0, 24.0
4837, 3897.0, 7510.0, 6156.0, 501.0, 16.0
4837, 4070.0, 12020.0, 6644.0, 570.0, 24.0
4837, 4217.0, 8362.0, 5940.0, 487.0, 18.0
4837, 4353.0, 7746.0, 5938.0, 484.0, 17.0
4837, 4436.0, 7905.0, 6024.0, 485.0, 17.0
4837, 4876.0, 7888.0, 5994.0, 482.0, 17.0
4837, 5145.0, 7383.0, 5975.0, 474.0, 16.0
4837, 5280.0, 7645.0, 6272.0, 501.0, 16.0
4837, 5523.0, 7640.0, 6216.0, 502.0, 16.0
4837, 5775.0, 7390.0, 5958.0, 486.0, 16.0
4837, 5823.0, 7534.0, 6131.0, 501.0, 16.0
4837, 6033.0, 8748.0, 5907.0, 482.0, 19.0
4837, 6086.0, 7527.0, 6107.0, 495.0, 16.0
4837, 6388.0, 15357.0, 6257.0, 506.0, 33.0
4837, 6597.0, 8105.0, 6262.0, 504.0, 17.0
4837, 6695.0, 8874.0, 5951.0, 494.0, 19.0
4837, 7069.0, 8319.0, 6006.0, 485.0, 18.0
4837, 7271.0, 7846.0, 5991.0, 486.0, 17.0
4837, 7469.0, 7496.0, 6085.0, 486.0, 16.0
4837, 7533.0, 7581.0, 6202.0, 501.0, 16.0
4837, 7660.0, 7542.0, 6060.0, 499.0, 16.0
4840, 4068.0, 14090.0, 6851.0, 624.0, 27.0
4841, 4067.0, 12670.0, 6730.0, 602.0, 25.0
4842, 4067.0, 11332.0, 6548.0, 546.0, 23.0
4843, 4066.0, 11501.0, 6629.0, 550.0, 23.0
4844, 4061.0, 13821.0, 6666.0, 593.0, 27.0
4845, 4062.0, 11909.0, 6532.0, 545.0, 24.0
4846, 4063.0, 11415.0, 6586.0, 553.0, 23.0
4847, 4061.0, 12770.0, 6729.0, 585.0, 25.0
4848, 4060.0, 12048.0, 6649.0, 570.0, 24.0
4849, 4059.0, 12113.0, 6643.0, 571.0, 24.0
4850, 4058.0, 12058.0, 6621.0, 575.0, 24.0
4851, 4058.0, 11314.0, 6526.0, 548.0, 23.0
4852, 4057.0, 11408.0, 6571.0, 547.0, 23.0
4853, 4056.0, 11417.0, 6560.0, 540.0, 23.0
4854, 4055.0, 11340.0, 6517.0, 542.0, 23.0
4855, 4053.0, 11726.0, 6432.0, 548.0, 24.0
4856, 4052.0, 12057.0, 6639.0, 579.0, 24.0
4857, 4052.0, 11376.0, 6528.0, 541.0, 23.0
4858, 4052.0, 10756.0, 6475.0, 534.0, 22.0
4859, 4050.0, 11454.0, 6575.0, 545.0, 23.0
4860, 4049.0, 11242.0, 6473.0, 541.0, 23.0
4861, 4047.0, 12758.0, 6769.0, 618.0, 25.0
4862, 4046.0, 12370.0, 6497.0, 559.0, 25.0
4863, 4046.0, 11443.0, 6594.0, 552.0, 23.0
4864, 4045.0, 11525.0, 6616.0, 548.0, 23.0
4865, 4044.0, 11563.0, 6617.0, 549.0, 23.0
4866, 4043.0, 11720.0, 6717.0, 559.0, 23.0
4867, 4042.0, 11465.0, 6583.0, 545.0, 23.0
4868, 4041.0, 12164.0, 6711.0, 571.0, 24.0
4869, 4040.0, 12123.0, 6686.0, 564.0, 24.0
4870, 4038.0, 12552.0, 6623.0, 584.0, 25.0
4872, 4037.0, 13452.0, 6792.0, 604.0, 26.0
4873, 4036.0, 11539.0, 6624.0, 554.0, 23.0
4874, 4035.0, 11485.0, 6613.0, 556.0, 23.0
4875, 4034.0, 11584.0, 6662.0, 560.0, 23.0
4876, 4033.0, 11388.0, 6549.0, 549.0, 23.0
4877, 4032.0, 11298.0, 6492.0, 540.0, 23.0
4878, 4030.0, 12214.0, 6737.0, 583.0, 24.0
4879, 4030.0, 11451.0, 6606.0, 555.0, 23.0
4880, 4029.0, 11221.0, 6444.0, 536.0, 23.0
4881, 4028.0, 10941.0, 6573.0, 546.0, 22.0
4883, 4023.0, 13759.0, 6634.0, 592.0, 27.0
4885, 4023.0, 12177.0, 6702.0, 585.0, 24.0
4886, 4022.0, 12238.0, 6718.0, 583.0, 24.0
4887, 4022.0, 11426.0, 6589.0, 555.0, 23.0
4888, 4020.0, 12167.0, 6690.0, 572.0, 24.0
4889, 4020.0, 11068.0, 6641.0, 552.0, 22.0
4890, 4018.0, 11641.0, 6681.0, 562.0, 23.0
4891, 4017.0, 12136.0, 6669.0, 567.0, 24.0
4892, 4017.0, 11134.0, 6690.0, 555.0, 22.0
4893, 4016.0, 11158.0, 6717.0, 558.0, 22.0
4894, 4015.0, 11005.0, 6619.0, 547.0, 22.0
4895, 4013.0, 11707.0, 6727.0, 568.0, 23.0
4896, 4012.0, 11465.0, 6571.0, 552.0, 23.0
4897, 4012.0, 10859.0, 6530.0, 541.0, 22.0
4898, 4010.0, 11282.0, 6452.0, 543.0, 23.0
4899, 4009.0, 11438.0, 6536.0, 546.0, 23.0
4900, 4008.0, 11416.0, 6554.0, 550.0, 23.0
4901, 4007.0, 11301.0, 6476.0, 547.0, 23.0
4902, 4006.0, 10856.0, 6508.0, 542.0, 22.0
4903, 4005.0, 11383.0, 6535.0, 540.0, 23.0
4904, 4003.0, 12494.0, 6552.0, 566.0, 25.0
4905, 4001.0, 13482.0, 6775.0, 647.0, 26.0
4906, 4001.0, 12135.0, 6654.0, 576.0, 24.0
4907, 4001.0, 11482.0, 6605.0, 559.0, 23.0
4908, 4000.0, 11352.0, 6513.0, 542.0, 23.0
4909, 3997.0, 12660.0, 6682.0, 575.0, 25.0
4910, 3993.0, 14319.0, 6627.0, 592.0, 28.0
4911, 3995.0, 13491.0, 6848.0, 633.0, 26.0
4912, 3995.0, 12892.0, 6781.0, 594.0, 25.0
4913, 3995.0, 11476.0, 6603.0, 555.0, 23.0
4914, 3994.0, 11275.0, 6463.0, 543.0, 23.0
4915, 3993.0, 11211.0, 6446.0, 539.0, 23.0
4916, 3992.0, 10831.0, 6495.0, 534.0, 22.0
4917, 3991.0, 11348.0, 6528.0, 545.0, 23.0
4918, 3990.0, 11250.0, 6460.0, 539.0, 23.0
4919, 3989.0, 11427.0, 6545.0, 549.0, 23.0
4920, 3989.0, 10812.0, 6525.0, 542.0, 22.0
4921, 3987.0, 11246.0, 6428.0, 538.0, 23.0
4922, 3986.0, 11299.0, 6467.0, 541.0, 23.0
4923, 3986.0, 10907.0, 6569.0, 535.0, 22.0
4924, 3980.0, 15429.0, 6823.0, 689.0, 29.0
4925, 3980.0, 13626.0, 6554.0, 597.0, 27.0
4926, 3982.0, 11368.0, 6510.0, 536.0, 23.0
4927, 3981.0, 11489.0, 6324.0, 527.0, 24.0
4928, 3980.0, 12119.0, 6657.0, 570.0, 24.0
4929, 3980.0, 10922.0, 6571.0, 544.0, 22.0
4930, 3979.0, 11394.0, 6561.0, 542.0, 23.0
4931, 3978.0, 12015.0, 6655.0, 567.0, 24.0
4932, 3977.0, 11556.0, 6657.0, 557.0, 23.0
4933, 3976.0, 10851.0, 6500.0, 541.0, 22.0
4934, 3975.0, 11390.0, 6550.0, 542.0, 23.0
4935, 3974.0, 11364.0, 6542.0, 548.0, 23.0
4936, 3973.0, 11335.0, 6518.0, 539.0, 23.0
4937, 3972.0, 11523.0, 6629.0, 550.0, 23.0
4938, 3971.0, 11374.0, 6524.0, 541.0, 23.0
4939, 3970.0, 11320.0, 6503.0, 542.0, 23.0
4940, 3969.0, 11329.0, 6523.0, 542.0, 23.0
4941, 3965.0, 13132.0, 6584.0, 556.0, 26.0
4942, 3962.0, 15270.0, 6733.0, 633.0, 29.0
4943, 3965.0, 11898.0, 6530.0, 548.0, 24.0
4944, 3965.0, 10912.0, 6571.0, 539.0, 22.0
4945, 3964.0, 11554.0, 6656.0, 555.0, 23.0
4946, 3962.0, 13239.0, 6656.0, 590.0, 26.0
4947, 3961.0, 13036.0, 6624.0, 581.0, 26.0
4948, 3961.0, 11394.0, 6556.0, 542.0, 23.0
4949, 3960.0, 11456.0, 6614.0, 549.0, 23.0
4950, 3959.0, 11445.0, 6594.0, 548.0, 23.0
4951, 3752.0, 7850.0, 6413.0, 509.0, 16.0
4951, 3957.0, 12085.0, 6639.0, 559.0, 24.0
4952, 3750.0, 12850.0, 6799.0, 602.0, 25.0
4952, 3956.0, 11533.0, 6605.0, 547.0, 23.0
4953, 3753.0, 11507.0, 6603.0, 550.0, 23.0
4953, 3955.0, 11418.0, 6535.0, 538.0, 23.0
4954, 3753.0, 12012.0, 6581.0, 556.0, 24.0
4954, 3954.0, 11402.0, 6542.0, 539.0, 23.0
4955, 3953.0, 11359.0, 6525.0, 535.0, 23.0
4956, 3950.0, 14271.0, 6930.0, 647.0, 27.0
4957, 3950.0, 12039.0, 6619.0, 556.0, 24.0
4958, 3950.0, 10799.0, 6479.0, 535.0, 22.0
4959, 3949.0, 10952.0, 6570.0, 542.0, 22.0
4960, 3948.0, 10846.0, 6514.0, 536.0, 22.0
4961, 3946.0, 12063.0, 6648.0, 560.0, 24.0
4962, 3945.0, 11451.0, 6566.0, 548.0, 23.0
4963, 3944.0, 11569.0, 6641.0, 556.0, 23.0
4964, 3943.0, 11468.0, 6586.0, 547.0, 23.0
4965, 3941.0, 11395.0, 6512.0, 537.0, 23.0
4966, 3940.0, 12452.0, 6604.0, 576.0, 25.0
4967, 3939.0, 11931.0, 6548.0, 550.0, 24.0
4968, 3938.0, 11452.0, 6556.0, 538.0, 23.0
4969, 3937.0, 11480.0, 6588.0, 545.0, 23.0
4970, 3936.0, 11354.0, 6517.0, 535.0, 23.0
4971, 3935.0, 11223.0, 6446.0, 533.0, 23.0
4972, 3934.0, 11383.0, 6536.0, 539.0, 23.0
4973, 3933.0, 10984.0, 6591.0, 544.0, 22.0
4974, 3932.0, 11442.0, 6586.0, 541.0, 23.0
4975, 3931.0, 11062.0, 6636.0, 547.0, 22.0
4992, 3911.0, 12861.0, 6762.0, 589.0, 25.0
4993, 3911.0, 11011.0, 6615.0, 545.0, 22.0
4994, 3909.0, 12873.0, 6815.0, 589.0, 25.0
4995, 3909.0, 11137.0, 6668.0, 547.0, 22.0
4996, 3908.0, 11552.0, 6649.0, 549.0, 23.0
4997, 3907.0, 12233.0, 6768.0, 577.0, 24.0
4998, 3906.0, 11465.0, 6611.0, 556.0, 23.0
4999, 3904.0, 13370.0, 6762.0, 604.0, 26.0
5000, 3904.0, 11579.0, 6652.0, 549.0, 23.0
5001, 3903.0, 10838.0, 6504.0, 536.0, 22.0
5002, 3900.0, 13092.0, 6584.0, 569.0, 26.0
5003, 3900.0, 12748.0, 6713.0, 584.0, 25.0
5004, 3900.0, 11442.0, 6571.0, 547.0, 23.0
5005, 3899.0, 11300.0, 6489.0, 538.0, 23.0
5006, 3898.0, 11426.0, 6589.0, 551.0, 23.0
5007, 3897.0, 12131.0, 6697.0, 565.0, 24.0
5008, 3895.0, 13079.0, 6872.0, 600.0, 25.0
5009, 3895.0, 11639.0, 6685.0, 563.0, 23.0
5010, 3894.0, 11508.0, 6623.0, 550.0, 23.0
5011, 3893.0, 12019.0, 6605.0, 560.0, 24.0
5012, 3893.0, 10999.0, 6613.0, 544.0, 22.0
5013, 3892.0, 10929.0, 6584.0, 543.0, 22.0
5014, 3890.0, 11881.0, 6547.0, 548.0, 24.0
5015, 3889.0, 11659.0, 6690.0, 553.0, 23.0
5016, 3888.0, 11524.0, 6617.0, 546.0, 23.0
5017, 3887.0, 11547.0, 6642.0, 551.0, 23.0
5018, 3886.0, 11485.0, 6585.0, 544.0, 23.0
5019, 3884.0, 12216.0, 6707.0, 565.0, 24.0
5020, 3882.0, 13336.0, 6736.0, 593.0, 26.0
5020, 4173.0, 10349.0, 6461.0, 514.0, 21.0
5021, 3881.0, 13589.0, 6869.0, 626.0, 26.0
5022, 3881.0, 12001.0, 6602.0, 559.0, 24.0
5023, 3880.0, 12712.0, 6696.0, 585.0, 25.0
5024, 3880.0, 11548.0, 6657.0, 553.0, 23.0
5025, 3879.0, 11682.0, 6715.0, 555.0, 23.0
5025, 3932.0, 11093.0, 6621.0, 542.0, 22.0
5026, 3878.0, 11300.0, 6488.0, 536.0, 23.0
5026, 3943.0, 9646.0, 6353.0, 513.0, 20.0
5027, 3877.0, 11307.0, 6498.0, 540.0, 23.0
5028, 3876.0, 11364.0, 6517.0, 543.0, 23.0
5029, 3875.0, 11532.0, 6642.0, 545.0, 23.0
5030, 3874.0, 12271.0, 6752.0, 560.0, 24.0
5031, 3873.0, 11594.0, 6652.0, 550.0, 23.0
5032, 3872.0, 11620.0, 6674.0, 556.0, 23.0
5033, 3871.0, 11480.0, 6611.0, 547.0, 23.0
5034, 3870.0, 11568.0, 6630.0, 549.0, 23.0
5035, 3869.0, 11477.0, 6566.0, 543.0, 23.0
5036, 3868.0, 12143.0, 6692.0, 575.0, 24.0
5037, 3857.0, 17881.0, 6632.0, 602.0, 34.0
5038, 3866.0, 12486.0, 6893.0, 579.0, 24.0
5039, 3866.0, 11616.0, 6697.0, 559.0, 23.0
5040, 3865.0, 11549.0, 6659.0, 554.0, 23.0
5041, 3863.0, 12912.0, 6780.0, 576.0, 25.0
5042, 3862.0, 12884.0, 6784.0, 604.0, 25.0
5043, 3862.0, 12128.0, 6678.0, 560.0, 24.0
5044, 3862.0, 10951.0, 6583.0, 544.0, 22.0
5045, 3861.0, 11430.0, 6552.0, 544.0, 23.0
5046, 3859.0, 11838.0, 6481.0, 540.0, 24.0
5047, 3858.0, 12261.0, 6733.0, 576.0, 24.0
5048, 3855.0, 13844.0, 6698.0, 589.0, 27.0
5049, 3855.0, 13813.0, 6963.0, 631.0, 26.0
5050, 3855.0, 11913.0, 6538.0, 553.0, 24.0
5051, 3855.0, 11352.0, 6522.0, 540.0, 23.0
5052, 3854.0, 11446.0, 6557.0, 547.0, 23.0
5053, 3844.0, 16907.0, 6592.0, 564.0, 33.0
5054, 3834.0, 22205.0, 6857.0, 639.0, 41.0
5055, 3844.0, 15994.0, 6612.0, 574.0, 31.0
5056, 3846.0, 13388.0, 6445.0, 546.0, 27.0
5057, 3845.0, 14146.0, 6496.0, 581.0, 28.0
5058, 3845.0, 13597.0, 6546.0, 572.0, 27.0
5059, 3844.0, 13744.0, 6565.0, 578.0, 27.0
5060, 3844.0, 13614.0, 6578.0, 587.0, 27.0
5061, 3843.0, 13431.0, 6427.0, 579.0, 27.0
5062, 3841.0, 16013.0, 6811.0, 689.0, 30.0
5063, 3837.0, 14815.0, 6545.0, 608.0, 29.0
5064, 3836.0, 14518.0, 6742.0, 629.0, 28.0
5126, 6760.0, 9876.0, 6480.0, 512.0, 20.0
5393, 7663.0, 10399.0, 6516.0, 524.0, 21.0
5595, 6919.0, 10222.0, 6403.0, 509.0, 21.0
5596, 6917.0, 11768.0, 6441.0, 523.0, 24.0
5611, 6521.0, 13688.0, 6617.0, 552.0, 27.0
5612, 6522.0, 10838.0, 6457.0, 517.0, 22.0
5723, 6453.0, 9971.0, 6548.0, 520.0, 20.0
5726, 3402.0, 11542.0, 6611.0, 539.0, 23.0
5811, 6692.0, 9783.0, 6416.0, 512.0, 20.0
5812, 6692.0, 13001.0, 6543.0, 557.0, 26.0
5872, 6558.0, 11527.0, 6627.0, 543.0, 23.0
5873, 6558.0, 14891.0, 6931.0, 636.0, 28.0
5874, 6559.0, 15266.0, 6546.0, 571.0, 30.0
5874, 7726.0, 11732.0, 6415.0, 519.0, 24.0
5875, 6570.0, 12398.0, 6487.0, 537.0, 25.0
5876, 6575.0, 13177.0, 6631.0, 556.0, 26.0
5877, 6581.0, 10940.0, 6570.0, 532.0, 22.0
5878, 6583.0, 10304.0, 6464.0, 519.0, 21.0
5879, 6584.0, 10179.0, 6401.0, 516.0, 21.0
5880, 6578.0, 17718.0, 6482.0, 544.0, 35.0
5881, 6576.0, 18432.0, 6528.0, 566.0, 36.0
5882, 6581.0, 13950.0, 6719.0, 570.0, 27.0
5883, 6585.0, 11328.0, 6462.0, 520.0, 23.0
5884, 6585.0, 11398.0, 6520.0, 524.0, 23.0
5885, 6582.0, 13170.0, 6582.0, 559.0, 26.0
5886, 6580.0, 24772.0, 6648.0, 617.0, 47.0
5887, 6579.0, 27831.0, 6801.0, 610.0, 53.0
5888, 6577.0, 11536.0, 6624.0, 540.0, 23.0
5888, 6611.0, 9873.0, 6497.0, 514.0, 20.0
5889, 6574.0, 12029.0, 6627.0, 546.0, 24.0
5890, 6571.0, 11612.0, 6643.0, 545.0, 23.0
5891, 6568.0, 11770.0, 6452.0, 531.0, 24.0
5892, 6566.0, 11428.0, 6543.0, 535.0, 23.0
5893, 6564.0, 12128.0, 6633.0, 550.0, 24.0
5894, 6564.0, 10946.0, 6556.0, 535.0, 22.0
5895, 6563.0, 11401.0, 6545.0, 532.0, 23.0
5896, 6561.0, 13914.0, 6711.0, 553.0, 27.0
5897, 6558.0, 34385.0, 6777.0, 793.0, 56.0
5898, 6558.0, 49686.0, 7027.0, 739.0, 82.0
5899, 6602.0, 25951.0, 6755.0, 658.0, 46.0
5900, 6621.0, 25497.0, 6802.0, 662.0, 45.0
5901, 6636.0, 23496.0, 6804.0, 652.0, 42.0
5902, 6650.0, 24381.0, 6714.0, 639.0, 44.0
5903, 6665.0, 21408.0, 6774.0, 635.0, 39.0
5904, 6679.0, 18788.0, 6744.0, 611.0, 35.0
5905, 6690.0, 17250.0, 6829.0, 630.0, 32.0
5906, 6697.0, 18094.0, 6701.0, 620.0, 34.0
5907, 6706.0, 17819.0, 6553.0, 619.0, 34.0
5908, 6715.0, 19419.0, 6704.0, 633.0, 36.0
5909, 6723.0, 17872.0, 6820.0, 645.0, 33.0
5910, 6732.0, 17330.0, 6661.0, 609.0, 33.0
5911, 6740.0, 17519.0, 6714.0, 611.0, 33.0
5912, 6750.0, 16595.0, 6609.0, 580.0, 32.0
5913, 6759.0, 16941.0, 6535.0, 578.0, 33.0
5914, 6769.0, 16924.0, 6561.0, 573.0, 33.0
5915, 6779.0, 17419.0, 6719.0, 599.0, 33.0
5916, 6788.0, 17347.0, 6630.0, 603.0, 33.0
5917, 6798.0, 16015.0, 6626.0, 577.0, 31.0
5918, 6807.0, 15078.0, 6445.0, 562.0, 30.0
5919, 6816.0, 14897.0, 6636.0, 571.0, 29.0
5920, 6823.0, 16322.0, 6762.0, 587.0, 31.0
5921, 6831.0, 16010.0, 6600.0, 575.0, 31.0
5922, 6840.0, 16266.0, 6748.0, 594.0, 31.0
5923, 6847.0, 16054.0, 6646.0, 583.0, 31.0
5924, 6855.0, 15612.0, 6704.0, 592.0, 30.0
5925, 6863.0, 15531.0, 6712.0, 591.0, 30.0
5926, 6868.0, 16259.0, 6707.0, 591.0, 31.0
5927, 6877.0, 15494.0, 6689.0, 585.0, 30.0
5928, 6883.0, 15885.0, 6543.0, 580.0, 31.0
5929, 6891.0, 15576.0, 6614.0, 602.0, 30.0
5930, 6898.0, 15108.0, 6764.0, 597.0, 29.0
5931, 6905.0, 15061.0, 6712.0, 590.0, 29.0
5932, 6911.0, 15201.0, 6531.0, 571.0, 30.0
5933, 6919.0, 14745.0, 6603.0, 571.0, 29.0
5934, 6925.0, 17490.0, 6547.0, 580.0, 34.0
5935, 6932.0, 17413.0, 6658.0, 605.0, 33.0
5936, 6942.0, 13455.0, 6502.0, 529.0, 27.0
5937, 6950.0, 12955.0, 6525.0, 534.0, 26.0
5938, 6956.0, 13582.0, 6544.0, 545.0, 27.0
5939, 6961.0, 14053.0, 6511.0, 549.0, 28.0
5940, 6968.0, 13388.0, 6466.0, 540.0, 27.0
5941, 6975.0, 12400.0, 6502.0, 534.0, 25.0
5942, 6981.0, 13060.0, 6594.0, 542.0, 26.0
5943, 6987.0, 12427.0, 6512.0, 538.0, 25.0
5944, 6992.0, 13002.0, 6526.0, 539.0, 26.0
5945, 6998.0, 13108.0, 6594.0, 548.0, 26.0
5946, 7003.0, 13502.0, 6506.0, 549.0, 27.0
5947, 7008.0, 14417.0, 6702.0, 567.0, 28.0
5948, 7015.0, 13449.0, 6502.0, 537.0, 27.0
5949, 7021.0, 14305.0, 6638.0, 550.0, 28.0
5950, 7027.0, 13579.0, 6549.0, 541.0, 27.0
5951, 7034.0, 13564.0, 6541.0, 540.0, 27.0
5952, 7041.0, 12377.0, 6528.0, 532.0, 25.0
5953, 7047.0, 12916.0, 6520.0, 537.0, 26.0
5954, 7052.0, 13566.0, 6590.0, 542.0, 27.0
5955, 5154.0, 9148.0, 6306.0, 503.0, 19.0
5955, 7060.0, 12284.0, 6418.0, 519.0, 25.0
5956, 7067.0, 12733.0, 6403.0, 525.0, 26.0
5957, 7073.0, 13444.0, 6485.0, 534.0, 27.0
5958, 7080.0, 13911.0, 6464.0, 550.0, 28.0
5959, 7082.0, 16233.0, 6520.0, 538.0, 32.0
5960, 7095.0, 13575.0, 6555.0, 539.0, 27.0
5961, 7101.0, 14362.0, 6647.0, 555.0, 28.0
5962, 7109.0, 13654.0, 6595.0, 538.0, 27.0
5963, 7118.0, 12714.0, 6692.0, 541.0, 25.0
5964, 7124.0, 13073.0, 6573.0, 536.0, 26.0
5965, 7130.0, 14385.0, 6684.0, 556.0, 28.0
5966, 7138.0, 13008.0, 6552.0, 531.0, 26.0
5967, 7146.0, 12065.0, 6590.0, 531.0, 24.0
5968, 7153.0, 11613.0, 6356.0, 507.0, 24.0
5969, 7160.0, 11613.0, 6354.0, 511.0, 24.0
5970, 7166.0, 11341.0, 6463.0, 518.0, 23.0
5971, 7172.0, 12193.0, 6386.0, 517.0, 25.0
5972, 7178.0, 13393.0, 6450.0, 533.0, 27.0
5973, 7185.0, 12846.0, 6468.0, 529.0, 26.0
5974, 7193.0, 18289.0, 6402.0, 514.0, 37.0
5975, 7200.0, 13973.0, 6481.0, 544.0, 28.0
5976, 7206.0, 13664.0, 6617.0, 544.0, 27.0
5977, 7213.0, 12877.0, 6464.0, 526.0, 26.0
5978, 7222.0, 11223.0, 6407.0, 513.0, 23.0
5979, 7228.0, 12536.0, 6564.0, 528.0, 25.0
5980, 7235.0, 12390.0, 6482.0, 522.0, 25.0
5981, 7243.0, 11834.0, 6476.0, 518.0, 24.0
5982, 7249.0, 12742.0, 6394.0, 512.0, 26.0
5983, 7256.0, 13096.0, 6573.0, 532.0, 26.0
5984, 7264.0, 12371.0, 6476.0, 520.0, 25.0
5985, 7271.0, 13166.0, 6611.0, 532.0, 26.0
5986, 7279.0, 13145.0, 6606.0, 532.0, 26.0
5987, 3818.0, 9056.0, 6581.0, 519.0, 18.0
5987, 3881.0, 10572.0, 6617.0, 529.0, 21.0
5987, 7287.0, 13286.0, 6699.0, 539.0, 26.0
5988, 7294.0, 13563.0, 6517.0, 528.0, 27.0
5989, 7301.0, 13370.0, 6457.0, 525.0, 27.0
5990, 7311.0, 11972.0, 6535.0, 518.0, 24.0
5991, 7319.0, 12388.0, 6481.0, 516.0, 25.0
5992, 7327.0, 12036.0, 6539.0, 517.0, 24.0
5993, 7336.0, 12654.0, 6611.0, 525.0, 25.0
5994, 7342.0, 13778.0, 6674.0, 545.0, 27.0
5995, 7349.0, 14520.0, 6513.0, 527.0, 29.0
5996, 7356.0, 14890.0, 6676.0, 558.0, 29.0
5997, 7363.0, 17942.0, 6662.0, 552.0, 35.0
5998, 7371.0, 16770.0, 6508.0, 549.0, 33.0
5999, 7379.0, 16538.0, 6414.0, 543.0, 33.0
6000, 7387.0, 14597.0, 6751.0, 581.0, 28.0
6012, 4013.0, 12076.0, 6629.0, 554.0, 24.0
6018, 3997.0, 11992.0, 6578.0, 546.0, 24.0
6041, 3754.0, 11111.0, 6615.0, 523.0, 22.0
6075, 4302.0, 10302.0, 6458.0, 517.0, 21.0
6126, 4794.0, 10878.0, 6500.0, 528.0, 22.0
6144, 3768.0, 22238.0, 7072.0, 1100.0, 34.0
6145, 3767.0, 23517.0, 7154.0, 1152.0, 35.0
6146, 3765.0, 25657.0, 7019.0, 1254.0, 37.0
6147, 3764.0, 24670.0, 6987.0, 1217.0, 36.0
6148, 3763.0, 24714.0, 7162.0, 1215.0, 36.0
6149, 3762.0, 25570.0, 7272.0, 1264.0, 36.0
6150, 3761.0, 26540.0, 7125.0, 1260.0, 38.0
6151, 3760.0, 24585.0, 7170.0, 1177.0, 36.0
6152, 3759.0, 23411.0, 7135.0, 1163.0, 35.0
6153, 3758.0, 24034.0, 7314.0, 1209.0, 35.0
6154, 3756.0, 24375.0, 6927.0, 1215.0, 36.0
6155, 3755.0, 24118.0, 7045.0, 1181.0, 36.0
6156, 3754.0, 25204.0, 7060.0, 1173.0, 38.0
6157, 3752.0, 45079.0, 6906.0, 1215.0, 76.0
6158, 3751.0, 23639.0, 6983.0, 1103.0, 36.0
6159, 3749.0, 26228.0, 6887.0, 1067.0, 44.0
6160, 3748.0, 24111.0, 7201.0, 1141.0, 36.0
6160, 3806.0, 10018.0, 6559.0, 513.0, 20.0
6161, 3746.0, 24830.0, 7045.0, 1133.0, 37.0
6161, 3801.0, 17258.0, 6862.0, 619.0, 32.0
6162, 3744.0, 29685.0, 6817.0, 1206.0, 45.0
6162, 3799.0, 17990.0, 6625.0, 621.0, 34.0
6163, 3743.0, 31044.0, 7090.0, 1234.0, 44.0
6163, 3804.0, 8351.0, 6466.0, 514.0, 17.0
6164, 3741.0, 34747.0, 7001.0, 1130.0, 51.0
6165, 3738.0, 30503.0, 6737.0, 1086.0, 48.0
6166, 3735.0, 30749.0, 6648.0, 1047.0, 50.0
6167, 3732.0, 31255.0, 6821.0, 1114.0, 49.0
6168, 3729.0, 26809.0, 6665.0, 1154.0, 40.0
6169, 3726.0, 31536.0, 6712.0, 1127.0, 49.0
6170, 3723.0, 31401.0, 6686.0, 1195.0, 47.0
6171, 3720.0, 39663.0, 6579.0, 1239.0, 68.0
6172, 3717.0, 32338.0, 6676.0, 1121.0, 51.0
6173, 3713.0, 33448.0, 6706.0, 1102.0, 55.0
6174, 3711.0, 28397.0, 6934.0, 1119.0, 45.0
6174, 4741.0, 10917.0, 6546.0, 529.0, 22.0
6175, 3706.0, 26228.0, 6585.0, 1141.0, 40.0
6175, 4740.0, 11862.0, 6477.0, 533.0, 24.0
6206, 6569.0, 14251.0, 6381.0, 503.0, 29.0
6207, 6564.0, 19059.0, 6495.0, 536.0, 38.0
6208, 6563.0, 14244.0, 6614.0, 563.0, 28.0
6209, 6564.0, 15953.0, 6619.0, 565.0, 31.0
6209, 6855.0, 15356.0, 6601.0, 570.0, 30.0
6210, 6570.0, 15426.0, 6414.0, 530.0, 31.0
6210, 6853.0, 20277.0, 6585.0, 617.0, 38.0
6211, 6395.0, 12089.0, 6622.0, 538.0, 24.0
6211, 6578.0, 13762.0, 6642.0, 551.0, 27.0
6211, 6792.0, 15489.0, 6646.0, 546.0, 30.0
6211, 6828.0, 37986.0, 6643.0, 584.0, 71.0
6212, 6581.0, 15121.0, 6510.0, 538.0, 30.0
6212, 6734.0, 84290.0, 6545.0, 609.0, 159.0
6213, 6586.0, 125383.0, 6587.0, 562.0, 237.0
6214, 6530.0, 109798.0, 6588.0, 656.0, 198.0
6215, 6428.0, 110279.0, 6506.0, 552.0, 207.0
6216, 6284.0, 12170.0, 6621.0, 537.0, 24.0
6216, 6331.0, 94397.0, 6573.0, 566.0, 178.0
6217, 6219.0, 114683.0, 6520.0, 606.0, 213.0
6218, 6126.0, 95470.0, 6552.0, 549.0, 181.0
6219, 6025.0, 94404.0, 6629.0, 560.0, 176.0
6220, 5898.0, 104673.0, 6613.0, 563.0, 198.0
6221, 5744.0, 29605.0, 6472.0, 539.0, 58.0
6221, 5830.0, 78011.0, 6436.0, 585.0, 150.0
6222, 5717.0, 116404.0, 6515.0, 619.0, 214.0
6223, 5648.0, 83561.0, 6456.0, 636.0, 157.0
6224, 5567.0, 62649.0, 6458.0, 546.0, 121.0
6224, 5744.0, 14562.0, 6507.0, 552.0, 29.0
6225, 5269.0, 14193.0, 6597.0, 556.0, 28.0
6225, 5478.0, 71466.0, 6615.0, 555.0, 135.0
6225, 5741.0, 12904.0, 6505.0, 539.0, 26.0
6226, 5269.0, 11336.0, 6484.0, 529.0, 23.0
6226, 5387.0, 80157.0, 6501.0, 556.0, 153.0
6226, 5740.0, 11278.0, 6454.0, 534.0, 23.0
6227, 4527.0, 21492.0, 6480.0, 541.0, 42.0
6227, 5266.0, 91002.0, 6591.0, 567.0, 173.0
6227, 5443.0, 13084.0, 6608.0, 542.0, 26.0
6227, 5741.0, 9700.0, 6379.0, 511.0, 20.0
6228, 3760.0, 14772.0, 6829.0, 676.0, 28.0
6228, 4523.0, 30326.0, 6471.0, 537.0, 60.0
6228, 5174.0, 81114.0, 6430.0, 586.0, 154.0
6229, 3762.0, 9130.0, 6312.0, 503.0, 19.0
6229, 4563.0, 15508.0, 6441.0, 547.0, 31.0
6229, 5067.0, 83969.0, 6397.0, 560.0, 162.0
6229, 5231.0, 11817.0, 6446.0, 513.0, 24.0
6230, 4509.0, 9832.0, 6449.0, 513.0, 20.0
6230, 4572.0, 13630.0, 6584.0, 557.0, 27.0
6230, 4930.0, 105647.0, 6546.0, 583.0, 200.0
6230, 5181.0, 11294.0, 6478.0, 530.0, 23.0
6231, 4507.0, 11732.0, 6422.0, 523.0, 24.0
6231, 4576.0, 13484.0, 6505.0, 553.0, 27.0
6231, 4805.0, 108829.0, 6423.0, 588.0, 206.0
6232, 4504.0, 11476.0, 6590.0, 538.0, 23.0
6232, 4581.0, 14206.0, 6594.0, 554.0, 28.0
6232, 4689.0, 100677.0, 6556.0, 556.0, 191.0
6233, 4483.0, 25575.0, 6590.0, 551.0, 50.0
6233, 4555.0, 79313.0, 6557.0, 619.0, 148.0
6234, 4427.0, 118675.0, 6558.0, 607.0, 218.0
6235, 4210.0, 13356.0, 6741.0, 576.0, 26.0
6235, 4290.0, 107650.0, 6681.0, 665.0, 195.0
6235, 4498.0, 12826.0, 6708.0, 560.0, 25.0
6235, 4572.0, 14865.0, 6627.0, 564.0, 29.0
6236, 4177.0, 96512.0, 6662.0, 689.0, 174.0
6236, 4563.0, 13138.0, 6597.0, 537.0, 26.0
6237, 4055.0, 81959.0, 6675.0, 562.0, 154.0
6237, 4210.0, 10113.0, 6635.0, 518.0, 20.0
6237, 4558.0, 12064.0, 6608.0, 546.0, 24.0
6238, 3937.0, 91669.0, 6618.0, 590.0, 168.0
6238, 4559.0, 14514.0, 6509.0, 533.0, 29.0
6239, 3835.0, 86661.0, 6649.0, 585.0, 159.0
6239, 4305.0, 10839.0, 6502.0, 524.0, 22.0
6239, 4566.0, 12503.0, 6538.0, 551.0, 25.0
6240, 3728.0, 78364.0, 6566.0, 594.0, 148.0
6240, 4299.0, 12198.0, 6395.0, 526.0, 25.0
6241, 3656.0, 74060.0, 6544.0, 624.0, 136.0
6242, 3572.0, 79314.0, 6356.0, 631.0, 147.0
6242, 3752.0, 9155.0, 6334.0, 495.0, 19.0
6243, 3467.0, 9329.0, 6400.0, 505.0, 19.0
6243, 3491.0, 63670.0, 6504.0, 562.0, 120.0
6244, 3427.0, 61536.0, 6512.0, 694.0, 110.0
6245, 3425.0, 34257.0, 6434.0, 566.0, 68.0
6246, 3467.0, 11327.0, 6481.0, 529.0, 23.0
6255, 4285.0, 10805.0, 6442.0, 517.0, 22.0
6256, 4286.0, 10227.0, 6414.0, 513.0, 21.0
6297, 7291.0, 8875.0, 6454.0, 509.0, 18.0
6551, 3566.0, 7360.0, 5950.0, 472.0, 16.0
6551, 3854.0, 9733.0, 6386.0, 508.0, 20.0
6552, 3566.0, 7997.0, 6073.0, 485.0, 17.0
6552, 4322.0, 8890.0, 6470.0, 515.0, 18.0
6553, 3566.0, 7839.0, 5957.0, 472.0, 17.0
6555, 3566.0, 7885.0, 5988.0, 476.0, 17.0
6556, 3566.0, 7339.0, 5930.0, 471.0, 16.0
6557, 3566.0, 7725.0, 5854.0, 472.0, 17.0
6558, 3566.0, 7831.0, 5937.0, 476.0, 17.0
6559, 3566.0, 7850.0, 5954.0, 477.0, 17.0
6560, 3565.0, 8254.0, 5912.0, 472.0, 18.0
6561, 3566.0, 7701.0, 5842.0, 467.0, 17.0
6562, 3566.0, 7303.0, 5898.0, 471.0, 16.0
6563, 3566.0, 8181.0, 5853.0, 469.0, 18.0
6564, 3566.0, 7765.0, 5886.0, 473.0, 17.0
6565, 3565.0, 8638.0, 5849.0, 471.0, 19.0
6566, 3565.0, 8251.0, 5913.0, 473.0, 18.0
6567, 3566.0, 7763.0, 5885.0, 472.0, 17.0
6568, 3565.0, 8707.0, 5903.0, 473.0, 19.0
6569, 3565.0, 8634.0, 5838.0, 471.0, 19.0
6570, 3565.0, 8772.0, 5928.0, 479.0, 19.0
6571, 3565.0, 8721.0, 5898.0, 476.0, 19.0
6572, 3565.0, 8706.0, 5890.0, 475.0, 19.0
6573, 3565.0, 8627.0, 5838.0, 470.0, 19.0
6574, 3565.0, 8713.0, 5889.0, 476.0, 19.0
6574, 4365.0, 17828.0, 6620.0, 601.0, 34.0
6575, 3565.0, 8690.0, 5874.0, 475.0, 19.0
6575, 4340.0, 32657.0, 6581.0, 781.0, 55.0
6576, 3565.0, 8799.0, 5952.0, 479.0, 19.0
6576, 4314.0, 36210.0, 6636.0, 757.0, 61.0
6577, 3565.0, 8771.0, 5925.0, 478.0, 19.0
6577, 4286.0, 33494.0, 6586.0, 687.0, 58.0
6578, 3565.0, 8909.0, 6015.0, 489.0, 19.0
6578, 4256.0, 34868.0, 6682.0, 686.0, 60.0
6579, 3565.0, 8954.0, 6049.0, 489.0, 19.0
6579, 4225.0, 37091.0, 6793.0, 708.0, 62.0
6580, 3565.0, 8982.0, 6064.0, 490.0, 19.0
6580, 4193.0, 40859.0, 6807.0, 766.0, 67.0
6581, 3565.0, 8791.0, 5943.0, 479.0, 19.0
6581, 4158.0, 48998.0, 6567.0, 692.0, 85.0
6582, 3565.0, 8784.0, 5936.0, 481.0, 19.0
6582, 4127.0, 35338.0, 6619.0, 692.0, 61.0
6583, 3565.0, 8916.0, 6018.0, 489.0, 19.0
6583, 4091.0, 38060.0, 6688.0, 682.0, 65.0
6584, 3565.0, 8729.0, 5888.0, 480.0, 19.0
6584, 4052.0, 41275.0, 6531.0, 722.0, 70.0
6585, 3565.0, 8719.0, 5886.0, 477.0, 19.0
6585, 4022.0, 42399.0, 6601.0, 765.0, 72.0
6586, 3565.0, 9173.0, 5858.0, 479.0, 20.0
6586, 3747.0, 12073.0, 6672.0, 581.0, 24.0
6586, 3997.0, 31118.0, 6579.0, 685.0, 54.0
6587, 3565.0, 8757.0, 5903.0, 480.0, 19.0
6587, 3955.0, 38829.0, 6669.0, 683.0, 69.0
6588, 3565.0, 9251.0, 5912.0, 484.0, 20.0
6588, 3948.0, 30263.0, 6771.0, 812.0, 50.0
6589, 3565.0, 8714.0, 5890.0, 475.0, 19.0
6589, 3925.0, 26783.0, 6674.0, 741.0, 46.0
6590, 3565.0, 8615.0, 5811.0, 472.0, 19.0
6590, 3902.0, 26858.0, 6598.0, 786.0, 46.0
6591, 3565.0, 8788.0, 5936.0, 480.0, 19.0
6591, 3881.0, 25691.0, 6703.0, 690.0, 45.0
6592, 3565.0, 9142.0, 5838.0, 478.0, 20.0
6592, 3859.0, 25442.0, 6607.0, 679.0, 45.0
6593, 3565.0, 8608.0, 5801.0, 476.0, 19.0
6593, 3836.0, 26178.0, 6586.0, 695.0, 46.0
6594, 3565.0, 8509.0, 5744.0, 466.0, 19.0
6594, 3704.0, 11840.0, 6549.0, 561.0, 24.0
6594, 3813.0, 26083.0, 6542.0, 712.0, 46.0
6595, 3565.0, 9097.0, 5822.0, 474.0, 20.0
6595, 3789.0, 27353.0, 6635.0, 692.0, 48.0
6595, 3980.0, 12648.0, 6716.0, 602.0, 25.0
6596, 3565.0, 8546.0, 5768.0, 467.0, 19.0
6596, 3672.0, 12561.0, 6700.0, 598.0, 25.0
6596, 3699.0, 8103.0, 6235.0, 495.0, 17.0
6596, 3767.0, 26529.0, 6660.0, 727.0, 46.0
6596, 3981.0, 11125.0, 6371.0, 529.0, 23.0
6597, 3565.0, 9067.0, 5795.0, 473.0, 20.0
6597, 3675.0, 10746.0, 6437.0, 519.0, 22.0
6597, 3745.0, 29899.0, 6727.0, 705.0, 53.0
6598, 3565.0, 9053.0, 5786.0, 471.0, 20.0
6598, 3677.0, 10168.0, 6404.0, 520.0, 21.0
6598, 3724.0, 29433.0, 6593.0, 693.0, 52.0
6598, 3780.0, 11686.0, 6451.0, 550.0, 24.0
6599, 3565.0, 9173.0, 5860.0, 477.0, 20.0
6599, 3677.0, 12882.0, 6825.0, 617.0, 25.0
6599, 3704.0, 24359.0, 6627.0, 694.0, 43.0
6599, 3779.0, 10734.0, 6452.0, 529.0, 22.0
6600, 3565.0, 8976.0, 5739.0, 470.0, 20.0
6600, 3637.0, 21343.0, 6500.0, 552.0, 42.0
6600, 3684.0, 25091.0, 6656.0, 814.0, 43.0
6600, 3728.0, 9484.0, 6269.0, 516.0, 20.0
6601, 3565.0, 9143.0, 5847.0, 477.0, 20.0
6601, 3635.0, 43642.0, 6594.0, 840.0, 74.0
6602, 3565.0, 8609.0, 5809.0, 475.0, 19.0
6602, 3628.0, 46949.0, 6613.0, 787.0, 77.0
6602, 3775.0, 11772.0, 6464.0, 536.0, 24.0
6602, 3828.0, 14538.0, 6525.0, 552.0, 29.0
6603, 3565.0, 9159.0, 5847.0, 481.0, 20.0
6603, 3620.0, 45872.0, 6936.0, 947.0, 72.0
6603, 3773.0, 16316.0, 6395.0, 622.0, 32.0
6603, 3821.0, 9721.0, 6365.0, 515.0, 20.0
6604, 3565.0, 8354.0, 5617.0, 462.0, 19.0
6604, 3604.0, 27774.0, 6316.0, 1133.0, 43.0
6604, 3677.0, 15282.0, 6320.0, 552.0, 31.0
6604, 3766.0, 10346.0, 6248.0, 533.0, 22.0
6605, 3565.0, 8688.0, 5827.0, 484.0, 19.0
6605, 3589.0, 24660.0, 6748.0, 781.0, 41.0
6605, 3690.0, 12616.0, 6672.0, 601.0, 25.0
6606, 3565.0, 38818.0, 5901.0, 781.0, 71.0
6606, 3696.0, 12104.0, 6760.0, 587.0, 24.0
6607, 3564.0, 16762.0, 7177.0, 717.0, 31.0
6607, 3697.0, 14404.0, 6637.0, 635.0, 28.0
6608, 3564.0, 10082.0, 5843.0, 479.0, 22.0
6608, 3698.0, 12077.0, 6590.0, 543.0, 24.0
6608, 3933.0, 13429.0, 6805.0, 607.0, 26.0
6609, 3565.0, 9250.0, 5903.0, 485.0, 20.0
6609, 3704.0, 12061.0, 6668.0, 554.0, 24.0
6609, 3938.0, 13704.0, 6967.0, 649.0, 26.0
6610, 3565.0, 8572.0, 5780.0, 470.0, 19.0
6610, 3712.0, 11803.0, 6489.0, 541.0, 24.0
6610, 3938.0, 11912.0, 6601.0, 568.0, 24.0
6611, 3565.0, 8514.0, 5739.0, 469.0, 19.0
6611, 3715.0, 15614.0, 6671.0, 635.0, 30.0
6611, 3939.0, 9543.0, 6271.0, 506.0, 20.0
6612, 3565.0, 9287.0, 5942.0, 482.0, 20.0
6613, 3565.0, 8695.0, 5874.0, 478.0, 19.0
6614, 3565.0, 9052.0, 5793.0, 471.0, 20.0
6615, 3565.0, 9167.0, 5866.0, 477.0, 20.0
6615, 3742.0, 10318.0, 6505.0, 537.0, 21.0
6616, 3565.0, 8574.0, 5791.0, 470.0, 19.0
6617, 3565.0, 8593.0, 5801.0, 471.0, 19.0
6617, 3750.0, 9103.0, 6288.0, 503.0, 19.0
6618, 3565.0, 8482.0, 5734.0, 462.0, 19.0
6619, 3565.0, 8501.0, 5744.0, 465.0, 19.0
6620, 3565.0, 8521.0, 5773.0, 463.0, 19.0
6621, 3565.0, 8653.0, 5854.0, 472.0, 19.0
6622, 3565.0, 8513.0, 5766.0, 464.0, 19.0
6623, 3565.0, 8564.0, 5786.0, 469.0, 19.0
6624, 3565.0, 8727.0, 5894.0, 477.0, 19.0
6625, 3565.0, 8732.0, 5903.0, 478.0, 19.0
6626, 3565.0, 8934.0, 6041.0, 488.0, 19.0
6627, 3565.0, 8270.0, 5913.0, 476.0, 18.0
6628, 3565.0, 8040.0, 5752.0, 460.0, 18.0
6629, 3565.0, 8774.0, 5934.0, 477.0, 19.0
6630, 3565.0, 8674.0, 5868.0, 473.0, 19.0
6631, 3565.0, 8231.0, 5890.0, 472.0, 18.0
6632, 3566.0, 7364.0, 5947.0, 474.0, 16.0
6633, 3566.0, 7780.0, 5897.0, 472.0, 17.0
6634, 3566.0, 7382.0, 5964.0, 475.0, 16.0
6635, 3566.0, 7737.0, 5869.0, 469.0, 17.0
6637, 3566.0, 7158.0, 5778.0, 462.0, 16.0
6669, 3646.0, 9759.0, 6435.0, 524.0, 20.0
6681, 5005.0, 14543.0, 6505.0, 533.0, 29.0
6682, 5004.0, 16746.0, 6910.0, 649.0, 31.0
6683, 5007.0, 7870.0, 6428.0, 508.0, 16.0
6713, 4308.0, 10996.0, 6597.0, 542.0, 22.0
6925, 4852.0, 7973.0, 6045.0, 483.0, 17.0
6926, 4852.0, 7560.0, 6114.0, 483.0, 16.0
6928, 4852.0, 7543.0, 6089.0, 485.0, 16.0
6929, 4852.0, 7535.0, 6090.0, 483.0, 16.0
6930, 4852.0, 7515.0, 6069.0, 483.0, 16.0
6931, 4851.0, 8217.0, 5881.0, 468.0, 18.0
6932, 4852.0, 7470.0, 6043.0, 477.0, 16.0
6933, 4851.0, 8421.0, 6024.0, 481.0, 18.0
6934, 4851.0, 8406.0, 6017.0, 479.0, 18.0
6935, 4851.0, 8403.0, 6009.0, 479.0, 18.0
6936, 4851.0, 8535.0, 6100.0, 489.0, 18.0
6937, 4851.0, 8412.0, 6009.0, 482.0, 18.0
6938, 4851.0, 8473.0, 6060.0, 484.0, 18.0
6939, 4851.0, 8366.0, 5980.0, 479.0, 18.0
6940, 4851.0, 8810.0, 5948.0, 479.0, 19.0
6941, 4851.0, 8291.0, 5923.0, 474.0, 18.0
6942, 4851.0, 8857.0, 5984.0, 480.0, 19.0
6943, 4851.0, 8424.0, 6023.0, 482.0, 18.0
6944, 4851.0, 8818.0, 5951.0, 480.0, 19.0
6945, 4851.0, 8885.0, 6005.0, 482.0, 19.0
6946, 4851.0, 8825.0, 5947.0, 483.0, 19.0
6947, 4851.0, 8720.0, 5892.0, 474.0, 19.0
6948, 4851.0, 8857.0, 5987.0, 481.0, 19.0
6949, 4851.0, 8841.0, 5964.0, 483.0, 19.0
6950, 4851.0, 8790.0, 5929.0, 479.0, 19.0
6951, 4851.0, 8619.0, 5808.0, 472.0, 19.0
6952, 4851.0, 8765.0, 5915.0, 479.0, 19.0
6953, 4851.0, 8864.0, 5975.0, 484.0, 19.0
6954, 4851.0, 8872.0, 5976.0, 486.0, 19.0
6955, 4851.0, 9254.0, 5911.0, 481.0, 20.0
6956, 4851.0, 9272.0, 5913.0, 484.0, 20.0
6957, 4851.0, 9250.0, 5918.0, 481.0, 20.0
6957, 5474.0, 10910.0, 6530.0, 533.0, 22.0
6958, 4851.0, 9274.0, 5908.0, 487.0, 20.0
6959, 4851.0, 9021.0, 5749.0, 470.0, 20.0
6960, 4851.0, 9161.0, 5837.0, 478.0, 20.0
6961, 4851.0, 9115.0, 5829.0, 474.0, 20.0
6962, 4851.0, 9063.0, 5766.0, 476.0, 20.0
6963, 4851.0, 9230.0, 5885.0, 482.0, 20.0
6964, 4851.0, 9284.0, 5929.0, 484.0, 20.0
6965, 4851.0, 9174.0, 5836.0, 484.0, 20.0
6966, 4851.0, 9094.0, 5788.0, 479.0, 20.0
6967, 4850.0, 9557.0, 5806.0, 476.0, 21.0
6968, 4851.0, 9049.0, 5741.0, 479.0, 20.0
6969, 4851.0, 9263.0, 5913.0, 487.0, 20.0
6970, 4851.0, 9036.0, 5762.0, 473.0, 20.0
6971, 4850.0, 9974.0, 5770.0, 477.0, 22.0
6972, 4850.0, 9958.0, 5744.0, 478.0, 22.0
6973, 4850.0, 9880.0, 5684.0, 475.0, 22.0
6974, 4850.0, 9920.0, 5733.0, 476.0, 22.0
6975, 4850.0, 10059.0, 5801.0, 482.0, 22.0
6976, 4850.0, 9996.0, 5773.0, 478.0, 22.0
6977, 4850.0, 10044.0, 5787.0, 482.0, 22.0
6978, 4850.0, 9922.0, 5702.0, 480.0, 22.0
6979, 4850.0, 9961.0, 5746.0, 480.0, 22.0
6980, 4850.0, 9861.0, 5666.0, 476.0, 22.0
6981, 4850.0, 9874.0, 5679.0, 479.0, 22.0
6982, 4850.0, 9815.0, 5634.0, 475.0, 22.0
6983, 4850.0, 9955.0, 5716.0, 482.0, 22.0
6984, 4850.0, 9824.0, 5641.0, 478.0, 22.0
6985, 4850.0, 10062.0, 5785.0, 487.0, 22.0
6986, 4850.0, 9926.0, 5704.0, 482.0, 22.0
6987, 4850.0, 9739.0, 5597.0, 473.0, 22.0
6988, 4850.0, 9915.0, 5686.0, 482.0, 22.0
6989, 4850.0, 9736.0, 5572.0, 477.0, 22.0
6990, 4850.0, 9718.0, 5558.0, 477.0, 22.0
6991, 4850.0, 9857.0, 5630.0, 481.0, 22.0
6992, 4850.0, 9718.0, 5582.0, 474.0, 22.0
6993, 4850.0, 9686.0, 5544.0, 478.0, 22.0
6994, 4850.0, 9800.0, 5611.0, 479.0, 22.0
6995, 4850.0, 9783.0, 5602.0, 479.0, 22.0
6996, 4850.0, 9758.0, 5592.0, 478.0, 22.0
6997, 4850.0, 10152.0, 5532.0, 478.0, 23.0
6998, 4850.0, 10396.0, 5658.0, 490.0, 23.0
6999, 4850.0, 10042.0, 5477.0, 472.0, 23.0
7000, 4850.0, 10360.0, 5659.0, 486.0, 23.0
7001, 4850.0, 10326.0, 5645.0, 482.0, 23.0
7002, 4850.0, 10422.0, 5698.0, 488.0, 23.0
7003, 4850.0, 10353.0, 5657.0, 486.0, 23.0
7004, 4850.0, 10519.0, 5748.0, 492.0, 23.0
7005, 4850.0, 10316.0, 5634.0, 486.0, 23.0
7006, 4850.0, 9884.0, 5647.0, 487.0, 22.0
7007, 4850.0, 10314.0, 5624.0, 485.0, 23.0
7024, 4850.0, 10290.0, 5600.0, 484.0, 23.0
7025, 4850.0, 10143.0, 5524.0, 479.0, 23.0
7026, 4850.0, 10444.0, 5711.0, 489.0, 23.0
7027, 4850.0, 10531.0, 5748.0, 495.0, 23.0
7028, 4850.0, 10368.0, 5658.0, 486.0, 23.0
7029, 4850.0, 10221.0, 5574.0, 479.0, 23.0
7030, 4850.0, 10314.0, 5628.0, 486.0, 23.0
7032, 4850.0, 10331.0, 5630.0, 486.0, 23.0
7033, 4850.0, 10375.0, 5660.0, 489.0, 23.0
7034, 4850.0, 10320.0, 5631.0, 483.0, 23.0
7035, 4850.0, 9649.0, 5518.0, 475.0, 22.0
7036, 4850.0, 10225.0, 5588.0, 478.0, 23.0
7037, 4850.0, 10362.0, 5658.0, 484.0, 23.0
7038, 4850.0, 9762.0, 5591.0, 478.0, 22.0
7039, 4850.0, 9762.0, 5579.0, 480.0, 22.0
7040, 4850.0, 9629.0, 5530.0, 469.0, 22.0
7041, 4850.0, 9817.0, 5619.0, 482.0, 22.0
7042, 4850.0, 9692.0, 5558.0, 472.0, 22.0
7043, 4850.0, 9729.0, 5576.0, 475.0, 22.0
7044, 4850.0, 9770.0, 5599.0, 475.0, 22.0
7045, 4850.0, 9658.0, 5547.0, 468.0, 22.0
7046, 4850.0, 9842.0, 5651.0, 478.0, 22.0
7047, 4850.0, 9837.0, 5646.0, 478.0, 22.0
7048, 4850.0, 9954.0, 5733.0, 481.0, 22.0
7049, 4850.0, 9806.0, 5634.0, 475.0, 22.0
7050, 4850.0, 9914.0, 5707.0, 479.0, 22.0
7051, 4850.0, 9873.0, 5665.0, 478.0, 22.0
7052, 4850.0, 9794.0, 5636.0, 472.0, 22.0
7053, 4850.0, 9980.0, 5737.0, 482.0, 22.0
7054, 4850.0, 9842.0, 5661.0, 474.0, 22.0
7055, 4850.0, 9883.0, 5688.0, 479.0, 22.0
7056, 4850.0, 9782.0, 5654.0, 471.0, 22.0
7057, 4850.0, 9780.0, 5642.0, 470.0, 22.0
7058, 4850.0, 9875.0, 5709.0, 473.0, 22.0
7059, 4850.0, 9942.0, 5750.0, 476.0, 22.0
7060, 4850.0, 10034.0, 5817.0, 479.0, 22.0
7061, 4850.0, 9359.0, 5690.0, 468.0, 21.0
7062, 4850.0, 9953.0, 5756.0, 477.0, 22.0
7063, 4850.0, 9488.0, 5768.0, 476.0, 21.0
7064, 4850.0, 10021.0, 5814.0, 476.0, 22.0
7065, 4851.0, 9717.0, 5889.0, 485.0, 21.0
7066, 4850.0, 9570.0, 5815.0, 478.0, 21.0
7067, 4850.0, 9592.0, 5839.0, 479.0, 21.0
7068, 4851.0, 9056.0, 5780.0, 473.0, 20.0
7069, 4851.0, 9179.0, 5864.0, 477.0, 20.0
7070, 4851.0, 9210.0, 5885.0, 479.0, 20.0
7071, 4850.0, 9420.0, 5732.0, 468.0, 21.0
7072, 4851.0, 9076.0, 5806.0, 471.0, 20.0
7073, 4851.0, 8849.0, 5657.0, 463.0, 20.0
7074, 4851.0, 9007.0, 5771.0, 467.0, 20.0
7075, 4851.0, 8896.0, 5685.0, 465.0, 20.0
7076, 4851.0, 9118.0, 5849.0, 473.0, 20.0
7077, 4851.0, 9014.0, 5774.0, 469.0, 20.0
7078, 4851.0, 8895.0, 5696.0, 463.0, 20.0
7079, 4851.0, 8965.0, 5747.0, 463.0, 20.0
7080, 4851.0, 9020.0, 5771.0, 469.0, 20.0
7080, 4916.0, 10206.0, 6323.0, 502.0, 21.0
7081, 4851.0, 8631.0, 5837.0, 470.0, 19.0
7081, 4893.0, 12933.0, 6480.0, 533.0, 26.0
7082, 4851.0, 8576.0, 5807.0, 467.0, 19.0
7082, 4875.0, 12756.0, 6408.0, 525.0, 26.0
7083, 4851.0, 15664.0, 5763.0, 527.0, 33.0
7084, 4851.0, 10798.0, 6500.0, 545.0, 22.0
7085, 4852.0, 13009.0, 7020.0, 664.0, 25.0
7086, 4852.0, 13480.0, 6228.0, 660.0, 27.0
7087, 4852.0, 16180.0, 5909.0, 680.0, 32.0
7088, 4852.0, 19380.0, 5967.0, 688.0, 38.0
7089, 4852.0, 20640.0, 5801.0, 654.0, 41.0
7090, 4852.0, 7724.0, 5853.0, 471.0, 17.0
7090, 4872.0, 14280.0, 6918.0, 708.0, 27.0
7091, 4852.0, 8257.0, 5911.0, 471.0, 18.0
7091, 4877.0, 14210.0, 6914.0, 666.0, 27.0
7092, 4852.0, 8209.0, 5872.0, 470.0, 18.0
7092, 4882.0, 13445.0, 6873.0, 643.0, 26.0
7093, 4852.0, 8199.0, 5871.0, 469.0, 18.0
7093, 4886.0, 13490.0, 6866.0, 671.0, 26.0
7094, 4852.0, 7749.0, 5887.0, 470.0, 17.0
7094, 4891.0, 13570.0, 6921.0, 670.0, 26.0
7095, 4896.0, 13591.0, 6899.0, 662.0, 26.0
7096, 4852.0, 7743.0, 5881.0, 468.0, 17.0
7096, 4901.0, 12934.0, 6934.0, 652.0, 25.0
7097, 4852.0, 7793.0, 5919.0, 470.0, 17.0
7097, 4905.0, 13563.0, 6923.0, 670.0, 26.0
7098, 4852.0, 7711.0, 5856.0, 465.0, 17.0
7098, 4910.0, 14027.0, 6892.0, 667.0, 27.0
7099, 4852.0, 7823.0, 5935.0, 474.0, 17.0
7099, 4914.0, 13553.0, 6850.0, 656.0, 26.0
7100, 4852.0, 7714.0, 5847.0, 467.0, 17.0
7100, 4919.0, 13443.0, 6836.0, 666.0, 26.0
7101, 4852.0, 7407.0, 5980.0, 476.0, 16.0
7101, 4923.0, 14323.0, 6910.0, 673.0, 27.0
7102, 4852.0, 7804.0, 5918.0, 472.0, 17.0
7102, 4928.0, 14174.0, 6894.0, 671.0, 27.0
7103, 4852.0, 7738.0, 5864.0, 470.0, 17.0
7103, 4933.0, 13419.0, 6871.0, 663.0, 26.0
7104, 4853.0, 7861.0, 5961.0, 476.0, 17.0
7104, 4938.0, 13581.0, 6929.0, 659.0, 26.0
7105, 4853.0, 7519.0, 6068.0, 486.0, 16.0
7105, 4943.0, 13788.0, 7094.0, 657.0, 26.0
7106, 4853.0, 7895.0, 5980.0, 480.0, 17.0
7106, 4947.0, 14143.0, 6921.0, 660.0, 27.0
7107, 4952.0, 13800.0, 7101.0, 665.0, 26.0
7108, 4956.0, 13997.0, 6808.0, 652.0, 27.0
7109, 4853.0, 7560.0, 6107.0, 485.0, 16.0
7109, 4961.0, 14568.0, 7101.0, 679.0, 27.0
7110, 4964.0, 15610.0, 7068.0, 766.0, 28.0
7111, 4969.0, 15793.0, 6990.0, 733.0, 29.0
7112, 4973.0, 19175.0, 6923.0, 693.0, 35.0
7113, 4978.0, 15865.0, 7042.0, 718.0, 29.0
7114, 4983.0, 14718.0, 7123.0, 704.0, 27.0
7115, 4987.0, 15507.0, 7096.0, 740.0, 28.0
7116, 4991.0, 15135.0, 6948.0, 698.0, 28.0
7117, 4997.0, 13846.0, 7043.0, 653.0, 26.0
7118, 5001.0, 14377.0, 6968.0, 661.0, 27.0
7119, 5005.0, 15263.0, 7074.0, 744.0, 28.0
7120, 4852.0, 7353.0, 5940.0, 473.0, 16.0
7120, 5009.0, 14114.0, 6824.0, 674.0, 27.0
7121, 5015.0, 13428.0, 7177.0, 673.0, 25.0
7122, 5018.0, 14521.0, 7017.0, 715.0, 27.0
7123, 5023.0, 13406.0, 6788.0, 647.0, 26.0
7124, 4853.0, 7572.0, 6122.0, 485.0, 16.0
7124, 5004.0, 29055.0, 6846.0, 856.0, 50.0
7125, 4998.0, 34444.0, 6879.0, 951.0, 61.0
7126, 4989.0, 14669.0, 6677.0, 648.0, 28.0
7126, 5037.0, 13800.0, 7154.0, 705.0, 26.0
7127, 5041.0, 13654.0, 6894.0, 663.0, 26.0
7128, 5046.0, 13798.0, 7073.0, 663.0, 26.0
7129, 5050.0, 13963.0, 7141.0, 695.0, 26.0
7130, 5052.0, 14961.0, 6785.0, 673.0, 28.0
7131, 5059.0, 13770.0, 6977.0, 660.0, 26.0
7132, 5064.0, 13705.0, 7030.0, 658.0, 26.0
7133, 5068.0, 13921.0, 7062.0, 677.0, 26.0
7134, 5073.0, 14843.0, 7317.0, 712.0, 27.0
7135, 5078.0, 18945.0, 7135.0, 710.0, 34.0
7200, 4852.0, 7437.0, 5997.0, 482.0, 16.0
7215, 4852.0, 8042.0, 6092.0, 495.0, 17.0
7346, 4606.0, 10843.0, 6743.0, 531.0, 21.0
7347, 4602.0, 13560.0, 6805.0, 595.0, 26.0
7348, 4605.0, 14754.0, 6852.0, 585.0, 28.0
7349, 4612.0, 15778.0, 6808.0, 587.0, 30.0
7350, 4618.0, 15999.0, 6864.0, 612.0, 30.0
7351, 4628.0, 15267.0, 6855.0, 574.0, 29.0
7352, 4635.0, 16571.0, 6720.0, 631.0, 31.0
7353, 4641.0, 16844.0, 6743.0, 589.0, 32.0
7354, 4651.0, 15015.0, 6739.0, 580.0, 29.0
7355, 4659.0, 14840.0, 6648.0, 559.0, 29.0
7356, 4667.0, 14926.0, 6688.0, 562.0, 29.0
7357, 4675.0, 15734.0, 6792.0, 586.0, 30.0
7358, 4683.0, 16391.0, 6808.0, 578.0, 31.0
7359, 4692.0, 15898.0, 6591.0, 557.0, 31.0
7360, 4701.0, 15114.0, 6501.0, 562.0, 30.0
7361, 4711.0, 14567.0, 6531.0, 549.0, 29.0
7362, 4720.0, 14804.0, 6627.0, 557.0, 29.0
7363, 4728.0, 15126.0, 6495.0, 552.0, 30.0
7364, 4737.0, 14478.0, 6470.0, 549.0, 29.0
7365, 4745.0, 16347.0, 6516.0, 574.0, 32.0
7366, 4747.0, 19541.0, 6487.0, 575.0, 38.0
7367, 4745.0, 24212.0, 6530.0, 554.0, 48.0
7368, 4773.0, 14077.0, 6295.0, 535.0, 29.0
7369, 4781.0, 15562.0, 6446.0, 549.0, 31.0
7370, 4791.0, 15367.0, 6418.0, 545.0, 31.0
7371, 4796.0, 17806.0, 6420.0, 576.0, 35.0
7372, 4797.0, 21436.0, 6550.0, 574.0, 42.0
7373, 4798.0, 24520.0, 6342.0, 532.0, 50.0
7374, 4828.0, 15049.0, 6502.0, 542.0, 30.0
7374, 7793.0, 17183.0, 6543.0, 520.0, 34.0
7375, 4838.0, 13908.0, 6447.0, 536.0, 28.0
7375, 7766.0, 21823.0, 6373.0, 508.0, 44.0
7376, 4847.0, 15197.0, 6565.0, 544.0, 30.0
7376, 7344.0, 13329.0, 6739.0, 595.0, 26.0
7376, 7751.0, 20803.0, 6487.0, 532.0, 41.0
7377, 4856.0, 15217.0, 6538.0, 551.0, 30.0
7377, 7345.0, 8818.0, 6431.0, 511.0, 18.0
7377, 7732.0, 18797.0, 6559.0, 524.0, 37.0
7378, 4865.0, 15135.0, 6562.0, 546.0, 30.0
7378, 7712.0, 20682.0, 6485.0, 532.0, 41.0
7379, 4874.0, 15059.0, 6489.0, 548.0, 30.0
7379, 7693.0, 20585.0, 6442.0, 520.0, 41.0
7380, 4883.0, 15422.0, 6646.0, 558.0, 30.0
7380, 7673.0, 20098.0, 6585.0, 549.0, 39.0
7381, 4890.0, 16326.0, 6528.0, 574.0, 32.0
7381, 7653.0, 18021.0, 6452.0, 519.0, 36.0
7382, 4899.0, 14607.0, 6504.0, 552.0, 29.0
7382, 7629.0, 23838.0, 6389.0, 549.0, 47.0
7383, 4909.0, 14137.0, 6590.0, 543.0, 28.0
7383, 7613.0, 24399.0, 6542.0, 561.0, 47.0
7384, 4916.0, 15370.0, 6616.0, 558.0, 30.0
7384, 7593.0, 33432.0, 6597.0, 543.0, 65.0
7385, 4925.0, 14548.0, 6514.0, 545.0, 29.0
7385, 7572.0, 21018.0, 6416.0, 514.0, 42.0
7386, 4934.0, 13958.0, 6521.0, 539.0, 28.0
7386, 7552.0, 19158.0, 6478.0, 530.0, 38.0
7387, 4942.0, 13961.0, 6485.0, 537.0, 28.0
7387, 7531.0, 22945.0, 6397.0, 514.0, 46.0
7388, 4950.0, 14815.0, 6405.0, 536.0, 30.0
7388, 7511.0, 21944.0, 6368.0, 518.0, 44.0
7389, 4959.0, 14075.0, 6532.0, 550.0, 28.0
7389, 7495.0, 21312.0, 6464.0, 538.0, 42.0
7390, 4967.0, 13981.0, 6477.0, 543.0, 28.0
7390, 7473.0, 20972.0, 6437.0, 513.0, 42.0
7391, 4975.0, 14051.0, 6538.0, 545.0, 28.0
7391, 7456.0, 19671.0, 6509.0, 523.0, 39.0
7392, 4984.0, 13058.0, 6559.0, 540.0, 26.0
7392, 7438.0, 17654.0, 6510.0, 518.0, 35.0
7393, 4991.0, 14233.0, 6592.0, 545.0, 28.0
7393, 7415.0, 19426.0, 6608.0, 525.0, 38.0
7394, 4999.0, 18849.0, 6761.0, 557.0, 36.0
7394, 7395.0, 20482.0, 6699.0, 556.0, 39.0
7395, 5006.0, 17555.0, 6686.0, 614.0, 33.0
7395, 7385.0, 19058.0, 6582.0, 549.0, 37.0
7396, 5012.0, 16259.0, 6703.0, 602.0, 31.0
7396, 7370.0, 17665.0, 6571.0, 510.0, 35.0
7397, 5021.0, 14187.0, 6615.0, 542.0, 28.0
7397, 7349.0, 13600.0, 6528.0, 531.0, 27.0
7398, 5029.0, 13583.0, 6547.0, 543.0, 27.0
7399, 5036.0, 13954.0, 6481.0, 537.0, 28.0
7400, 5044.0, 13847.0, 6434.0, 533.0, 28.0
7401, 5051.0, 14017.0, 6514.0, 545.0, 28.0
7402, 5059.0, 13765.0, 6354.0, 537.0, 28.0
7403, 5067.0, 13959.0, 6477.0, 535.0, 28.0
7404, 5074.0, 15375.0, 6605.0, 557.0, 30.0
7405, 5081.0, 15109.0, 6504.0, 560.0, 30.0
7406, 5090.0, 14772.0, 6605.0, 555.0, 29.0
7407, 5098.0, 14635.0, 6566.0, 543.0, 29.0
7408, 5106.0, 13738.0, 6398.0, 529.0, 28.0
7409, 5114.0, 14543.0, 6511.0, 548.0, 29.0
7410, 5121.0, 15615.0, 6489.0, 542.0, 31.0
7411, 5129.0, 16487.0, 6580.0, 572.0, 32.0
7412, 5138.0, 16531.0, 6581.0, 584.0, 32.0
7413, 5145.0, 15896.0, 6574.0, 585.0, 31.0
7414, 5153.0, 15788.0, 6546.0, 551.0, 31.0
7415, 5163.0, 14554.0, 6506.0, 540.0, 29.0
7416, 5171.0, 15215.0, 6542.0, 548.0, 30.0
7417, 5180.0, 15395.0, 6631.0, 556.0, 30.0
7418, 5188.0, 15607.0, 6482.0, 543.0, 31.0
7419, 5198.0, 15216.0, 6563.0, 545.0, 30.0
7420, 5207.0, 15496.0, 6705.0, 557.0, 30.0
7421, 5215.0, 16019.0, 6648.0, 566.0, 31.0
7422, 5225.0, 15225.0, 6589.0, 549.0, 30.0
7423, 5235.0, 15214.0, 6589.0, 539.0, 30.0
7424, 5245.0, 14273.0, 6628.0, 544.0, 28.0
7426, 5262.0, 15274.0, 6596.0, 547.0, 30.0
7427, 5271.0, 15325.0, 6609.0, 550.0, 30.0
7428, 5280.0, 15095.0, 6493.0, 540.0, 30.0
7429, 5289.0, 16431.0, 6577.0, 554.0, 32.0
7430, 5298.0, 16428.0, 6623.0, 565.0, 32.0
7431, 5308.0, 15658.0, 6481.0, 548.0, 31.0
7432, 5317.0, 15919.0, 6635.0, 548.0, 31.0
7433, 5327.0, 15895.0, 6620.0, 549.0, 31.0
7434, 5337.0, 15250.0, 6569.0, 546.0, 30.0
7435, 5347.0, 16028.0, 6690.0, 550.0, 31.0
7436, 5355.0, 17055.0, 6648.0, 566.0, 33.0
7437, 5365.0, 16605.0, 6646.0, 582.0, 32.0
7438, 5372.0, 16852.0, 6533.0, 545.0, 33.0
7439, 5384.0, 15896.0, 6623.0, 551.0, 31.0
7440, 5393.0, 18419.0, 6592.0, 558.0, 36.0
7441, 3734.0, 12828.0, 6731.0, 565.0, 25.0
7441, 5402.0, 17916.0, 6818.0, 630.0, 33.0
7442, 5408.0, 16839.0, 6500.0, 576.0, 33.0
7443, 5420.0, 14124.0, 6584.0, 545.0, 28.0
7444, 5427.0, 14647.0, 6531.0, 547.0, 29.0
7445, 5434.0, 14589.0, 6492.0, 552.0, 29.0
7446, 5442.0, 14704.0, 6576.0, 551.0, 29.0
7447, 5450.0, 14205.0, 6580.0, 545.0, 28.0
7448, 5457.0, 14703.0, 6578.0, 547.0, 29.0
7449, 5464.0, 14808.0, 6611.0, 551.0, 29.0
7450, 5472.0, 15974.0, 6657.0, 561.0, 31.0
7451, 5479.0, 15749.0, 6792.0, 597.0, 30.0
7452, 5486.0, 15206.0, 6568.0, 546.0, 30.0
7453, 5494.0, 15468.0, 6688.0, 563.0, 30.0
7454, 5502.0, 15426.0, 6640.0, 562.0, 30.0
7455, 5508.0, 16106.0, 6627.0, 600.0, 31.0
7456, 5512.0, 16894.0, 6317.0, 540.0, 34.0
7457, 5525.0, 15225.0, 6532.0, 550.0, 30.0
7458, 5533.0, 14970.0, 6457.0, 541.0, 30.0
7459, 5541.0, 14331.0, 6451.0, 532.0, 29.0
7460, 5548.0, 14576.0, 6536.0, 545.0, 29.0
7461, 5556.0, 14436.0, 6462.0, 540.0, 29.0
7462, 5563.0, 14375.0, 6464.0, 541.0, 29.0
7463, 5570.0, 14507.0, 6514.0, 545.0, 29.0
7464, 5578.0, 14118.0, 6547.0, 547.0, 28.0
7465, 5541.0, 13092.0, 6574.0, 542.0, 26.0
7465, 5585.0, 14691.0, 6567.0, 548.0, 29.0
7466, 5536.0, 15424.0, 6636.0, 568.0, 30.0
7466, 5592.0, 14919.0, 6665.0, 573.0, 29.0
7467, 5532.0, 15287.0, 6561.0, 571.0, 30.0
7467, 5598.0, 15709.0, 6517.0, 563.0, 31.0
7468, 5529.0, 14822.0, 6636.0, 568.0, 29.0
7468, 5604.0, 16973.0, 6719.0, 628.0, 32.0
7469, 5525.0, 14418.0, 6711.0, 562.0, 28.0
7469, 5609.0, 16625.0, 6639.0, 565.0, 32.0
7470, 5521.0, 14054.0, 6535.0, 549.0, 28.0
7470, 5620.0, 14593.0, 6493.0, 550.0, 29.0
7471, 5517.0, 14205.0, 6619.0, 555.0, 28.0
7471, 5627.0, 15217.0, 6568.0, 550.0, 30.0
7472, 5512.0, 14156.0, 6554.0, 552.0, 28.0
7472, 5630.0, 17117.0, 6570.0, 587.0, 33.0
7473, 5508.0, 14812.0, 6612.0, 567.0, 29.0
7473, 5632.0, 18899.0, 6487.0, 550.0, 37.0
7474, 5505.0, 14343.0, 6663.0, 561.0, 28.0
7474, 5648.0, 14311.0, 6623.0, 555.0, 28.0
7475, 5501.0, 14226.0, 6622.0, 552.0, 28.0
7475, 5655.0, 14217.0, 6585.0, 549.0, 28.0
7476, 5495.0, 15152.0, 6520.0, 554.0, 30.0
7476, 5661.0, 14021.0, 6485.0, 544.0, 28.0
7477, 5490.0, 15869.0, 6526.0, 584.0, 31.0
7477, 5668.0, 13974.0, 6488.0, 540.0, 28.0
7478, 5488.0, 15521.0, 6657.0, 592.0, 30.0
7478, 5675.0, 13571.0, 6587.0, 546.0, 27.0
7479, 5484.0, 14976.0, 6693.0, 566.0, 29.0
7479, 5681.0, 14217.0, 6615.0, 551.0, 28.0
7480, 5480.0, 13988.0, 6490.0, 543.0, 28.0
7480, 5688.0, 13463.0, 6517.0, 541.0, 27.0
7481, 5476.0, 14178.0, 6581.0, 553.0, 28.0
7481, 5694.0, 14826.0, 6648.0, 573.0, 29.0
7482, 5472.0, 14197.0, 6610.0, 553.0, 28.0
7482, 5699.0, 15498.0, 6601.0, 581.0, 30.0
7483, 5467.0, 14994.0, 6706.0, 563.0, 29.0
7483, 5705.0, 17209.0, 6659.0, 573.0, 33.0
7484, 5463.0, 14918.0, 6659.0, 571.0, 29.0
7484, 5713.0, 15667.0, 6668.0, 602.0, 30.0
7485, 5459.0, 14804.0, 6599.0, 560.0, 29.0
7485, 5719.0, 15320.0, 6583.0, 557.0, 30.0
7486, 5456.0, 14257.0, 6628.0, 550.0, 28.0
7486, 5728.0, 13807.0, 6668.0, 555.0, 27.0
7487, 5451.0, 14673.0, 6544.0, 554.0, 29.0
7487, 5734.0, 14205.0, 6592.0, 551.0, 28.0
7504, 5324.0, 13209.0, 6619.0, 554.0, 26.0
7504, 5382.0, 16200.0, 6656.0, 601.0, 31.0
7504, 5846.0, 14636.0, 6560.0, 547.0, 29.0
7505, 5319.0, 16332.0, 6708.0, 584.0, 31.0
7505, 5378.0, 17412.0, 6706.0, 587.0, 33.0
7505, 5853.0, 14489.0, 6700.0, 561.0, 28.0
7506, 5311.0, 19930.0, 6668.0, 620.0, 37.0
7506, 5374.0, 14939.0, 6675.0, 560.0, 29.0
7506, 5859.0, 14933.0, 6678.0, 562.0, 29.0
7507, 5309.0, 16238.0, 6544.0, 542.0, 32.0
7507, 5371.0, 14346.0, 6679.0, 564.0, 28.0
7507, 5866.0, 14161.0, 6557.0, 547.0, 28.0
7508, 5367.0, 14428.0, 6693.0, 562.0, 28.0
7508, 5873.0, 14444.0, 6715.0, 563.0, 28.0
7509, 5363.0, 14384.0, 6705.0, 557.0, 28.0
7509, 5878.0, 14946.0, 6649.0, 557.0, 29.0
7510, 5359.0, 14033.0, 6778.0, 567.0, 27.0
7510, 5886.0, 14539.0, 6745.0, 561.0, 28.0
7511, 5354.0, 14473.0, 6699.0, 559.0, 28.0
7511, 5892.0, 14952.0, 6665.0, 558.0, 29.0
7512, 5349.0, 14807.0, 6614.0, 566.0, 29.0
7512, 5899.0, 14183.0, 6568.0, 549.0, 28.0
7513, 5345.0, 17186.0, 6822.0, 614.0, 32.0
7513, 5905.0, 15828.0, 6793.0, 589.0, 30.0
7514, 5339.0, 18726.0, 6520.0, 584.0, 36.0
7514, 5910.0, 16115.0, 6451.0, 552.0, 32.0
7515, 5336.0, 16899.0, 6725.0, 621.0, 32.0
7515, 5919.0, 15989.0, 6639.0, 571.0, 31.0
7516, 5333.0, 16327.0, 6726.0, 589.0, 31.0
7516, 5924.0, 16880.0, 6786.0, 594.0, 32.0
7517, 5329.0, 14992.0, 6698.0, 571.0, 29.0
7517, 5932.0, 15074.0, 6731.0, 572.0, 29.0
7518, 5282.0, 15252.0, 6849.0, 561.0, 29.0
7518, 5324.0, 16095.0, 6902.0, 599.0, 30.0
7518, 5935.0, 16626.0, 6879.0, 591.0, 31.0
7519, 5281.0, 16389.0, 6582.0, 555.0, 32.0
7519, 5322.0, 14360.0, 6698.0, 573.0, 28.0
7519, 5945.0, 14291.0, 6695.0, 548.0, 28.0
7520, 5288.0, 12427.0, 6521.0, 525.0, 25.0
7520, 5318.0, 14098.0, 6577.0, 554.0, 28.0
7520, 5951.0, 15149.0, 6531.0, 548.0, 30.0
7521, 5289.0, 11367.0, 6488.0, 521.0, 23.0
7521, 5313.0, 14112.0, 6525.0, 549.0, 28.0
7521, 5957.0, 15351.0, 6600.0, 563.0, 30.0
7522, 5289.0, 23477.0, 6457.0, 544.0, 47.0
7522, 5962.0, 15849.0, 6532.0, 584.0, 31.0
7523, 5291.0, 22525.0, 6577.0, 565.0, 43.0
7523, 5967.0, 17302.0, 6504.0, 549.0, 34.0
7524, 5295.0, 17714.0, 6602.0, 594.0, 34.0
7524, 5978.0, 15896.0, 6556.0, 575.0, 31.0
7525, 5292.0, 17918.0, 6495.0, 636.0, 34.0
7525, 5983.0, 15921.0, 6599.0, 587.0, 31.0
7526, 5288.0, 18768.0, 6753.0, 689.0, 34.0
7526, 5990.0, 14697.0, 6594.0, 547.0, 29.0
7527, 5285.0, 18397.0, 6758.0, 730.0, 33.0
7527, 5997.0, 14019.0, 6498.0, 542.0, 28.0
7528, 5282.0, 17467.0, 6585.0, 629.0, 33.0
7528, 6003.0, 15226.0, 6533.0, 564.0, 30.0
7529, 5279.0, 14885.0, 6650.0, 567.0, 29.0
7529, 6007.0, 16508.0, 6612.0, 562.0, 32.0
7530, 5275.0, 14258.0, 6627.0, 557.0, 28.0
7530, 6016.0, 16002.0, 6641.0, 578.0, 31.0
7531, 5270.0, 14915.0, 6636.0, 562.0, 29.0
7531, 6020.0, 17363.0, 6687.0, 590.0, 33.0
7532, 5267.0, 14413.0, 6710.0, 563.0, 28.0
7532, 6030.0, 15315.0, 6626.0, 551.0, 30.0
7533, 5262.0, 14568.0, 6504.0, 549.0, 29.0
7533, 6036.0, 14997.0, 6415.0, 542.0, 30.0
7533, 6076.0, 12826.0, 6423.0, 529.0, 26.0
7534, 5257.0, 14693.0, 6544.0, 560.0, 29.0
7534, 6044.0, 14046.0, 6520.0, 543.0, 28.0
7534, 6077.0, 12859.0, 6488.0, 539.0, 26.0
7535, 5253.0, 15260.0, 6539.0, 569.0, 30.0
7535, 6051.0, 14159.0, 6574.0, 552.0, 28.0
7535, 6080.0, 10776.0, 6425.0, 511.0, 22.0
7552, 5184.0, 13395.0, 6487.0, 543.0, 27.0
7552, 6158.0, 13770.0, 6394.0, 526.0, 28.0
7553, 5179.0, 14033.0, 6511.0, 545.0, 28.0
7553, 6164.0, 14564.0, 6482.0, 544.0, 29.0
7554, 5174.0, 16191.0, 6538.0, 552.0, 32.0
7554, 6170.0, 14540.0, 6484.0, 545.0, 29.0
7555, 5170.0, 15417.0, 6631.0, 576.0, 30.0
7555, 6177.0, 14687.0, 6547.0, 546.0, 29.0
7556, 5166.0, 14743.0, 6566.0, 560.0, 29.0
7556, 6184.0, 14649.0, 6532.0, 543.0, 29.0
7557, 5162.0, 14232.0, 6578.0, 558.0, 28.0
7557, 6191.0, 14695.0, 6588.0, 549.0, 29.0
7558, 5158.0, 14115.0, 6540.0, 549.0, 28.0
7558, 6197.0, 14640.0, 6521.0, 547.0, 29.0
7559, 5154.0, 14264.0, 6619.0, 553.0, 28.0
7559, 6204.0, 15445.0, 6675.0, 565.0, 30.0
7560, 5150.0, 14107.0, 6566.0, 547.0, 28.0
7560, 6207.0, 16922.0, 6557.0, 563.0, 33.0
7561, 5146.0, 14081.0, 6544.0, 551.0, 28.0
7561, 6217.0, 14642.0, 6567.0, 542.0, 29.0
7562, 5142.0, 14090.0, 6555.0, 551.0, 28.0
7562, 6225.0, 14112.0, 6550.0, 546.0, 28.0
7563, 5138.0, 13977.0, 6489.0, 545.0, 28.0
7563, 6231.0, 14599.0, 6506.0, 543.0, 29.0
7564, 5134.0, 14265.0, 6614.0, 553.0, 28.0
7564, 6238.0, 15893.0, 6613.0, 555.0, 31.0
7565, 5130.0, 13940.0, 6490.0, 542.0, 28.0
7565, 6245.0, 15613.0, 6496.0, 550.0, 31.0
7566, 5126.0, 14315.0, 6643.0, 554.0, 28.0
7566, 6252.0, 16081.0, 6679.0, 571.0, 31.0
7567, 5122.0, 14258.0, 6611.0, 552.0, 28.0
7567, 6259.0, 15853.0, 6621.0, 552.0, 31.0
7568, 5118.0, 14268.0, 6606.0, 553.0, 28.0
7568, 6266.0, 15449.0, 6614.0, 564.0, 30.0
7569, 5114.0, 14076.0, 6552.0, 550.0, 28.0
7569, 6273.0, 15085.0, 6521.0, 546.0, 30.0
7570, 5109.0, 14801.0, 6586.0, 567.0, 29.0
7570, 6280.0, 15676.0, 6518.0, 553.0, 31.0
7571, 5105.0, 15751.0, 6764.0, 589.0, 30.0
7571, 6286.0, 16322.0, 6748.0, 580.0, 31.0
7572, 5103.0, 13509.0, 6560.0, 549.0, 27.0
7572, 6293.0, 15598.0, 6515.0, 551.0, 31.0
7573, 5098.0, 13700.0, 6594.0, 557.0, 27.0
7573, 6296.0, 17276.0, 6509.0, 547.0, 34.0
7574, 5091.0, 15693.0, 6516.0, 550.0, 31.0
7574, 6293.0, 24128.0, 6682.0, 621.0, 45.0
7575, 5088.0, 15430.0, 6644.0, 574.0, 30.0
7575, 6295.0, 27032.0, 6679.0, 615.0, 49.0
7576, 5085.0, 14552.0, 6501.0, 553.0, 29.0
7576, 6318.0, 16310.0, 6522.0, 558.0, 32.0
7577, 5082.0, 13424.0, 6506.0, 543.0, 27.0
7577, 6327.0, 15002.0, 6447.0, 539.0, 30.0
7578, 5077.0, 13635.0, 6581.0, 546.0, 27.0
7578, 6335.0, 14710.0, 6597.0, 550.0, 29.0
7579, 5073.0, 13904.0, 6477.0, 544.0, 28.0
7579, 6341.0, 16588.0, 6459.0, 542.0, 33.0
7580, 5069.0, 13387.0, 6484.0, 544.0, 27.0
7580, 6348.0, 15103.0, 6490.0, 564.0, 30.0
7581, 5064.0, 14022.0, 6502.0, 549.0, 28.0
7581, 6354.0, 15107.0, 6463.0, 551.0, 30.0
7582, 5059.0, 14938.0, 6431.0, 559.0, 30.0
7582, 6362.0, 14883.0, 6447.0, 538.0, 30.0
7583, 5055.0, 15099.0, 6472.0, 569.0, 30.0
7583, 6368.0, 15049.0, 6493.0, 552.0, 30.0
7584, 5052.0, 14391.0, 6430.0, 550.0, 29.0
7584, 6375.0, 15455.0, 6431.0, 552.0, 31.0
7585, 5048.0, 13627.0, 6587.0, 546.0, 27.0
7585, 6381.0, 15337.0, 6592.0, 565.0, 30.0
7586, 5041.0, 16173.0, 6736.0, 590.0, 31.0
7586, 6387.0, 15923.0, 6596.0, 563.0, 31.0
7587, 5039.0, 14656.0, 6526.0, 576.0, 29.0
7587, 6393.0, 15627.0, 6490.0, 575.0, 31.0
7588, 5036.0, 14054.0, 6549.0, 555.0, 28.0
7588, 6399.0, 15120.0, 6509.0, 550.0, 30.0
7589, 5032.0, 14716.0, 6588.0, 558.0, 29.0
7589, 6406.0, 15158.0, 6512.0, 546.0, 30.0
7590, 5027.0, 14061.0, 6492.0, 553.0, 28.0
7590, 6413.0, 14466.0, 6466.0, 541.0, 29.0
7591, 5023.0, 14002.0, 6474.0, 557.0, 28.0
7591, 5710.0, 8203.0, 6318.0, 496.0, 17.0
7591, 6419.0, 14401.0, 6429.0, 539.0, 29.0
7592, 5019.0, 14024.0, 6473.0, 550.0, 28.0
7592, 6425.0, 14937.0, 6429.0, 539.0, 30.0
7593, 5015.0, 13977.0, 6506.0, 543.0, 28.0
7593, 6431.0, 15043.0, 6453.0, 550.0, 30.0
7594, 5009.0, 16244.0, 6698.0, 595.0, 31.0
7594, 6438.0, 15422.0, 6659.0, 557.0, 30.0
7595, 5006.0, 17378.0, 6677.0, 610.0, 33.0
7595, 6444.0, 15253.0, 6571.0, 554.0, 30.0
7596, 5003.0, 14751.0, 6584.0, 555.0, 29.0
7596, 6451.0, 14713.0, 6579.0, 551.0, 29.0
7597, 4999.0, 13701.0, 6614.0, 550.0, 27.0
7597, 6457.0, 15374.0, 6614.0, 557.0, 30.0
7598, 4995.0, 13835.0, 6682.0, 557.0, 27.0
7598, 6463.0, 16193.0, 6657.0, 584.0, 31.0
7599, 4990.0, 13697.0, 6599.0, 556.0, 27.0
7599, 6469.0, 15217.0, 6560.0, 545.0, 30.0
7600, 4986.0, 14227.0, 6591.0, 560.0, 28.0
7600, 6477.0, 14209.0, 6592.0, 546.0, 28.0
7601, 4982.0, 14090.0, 6551.0, 549.0, 28.0
7601, 6484.0, 14689.0, 6585.0, 548.0, 29.0
7602, 4978.0, 13544.0, 6530.0, 550.0, 27.0
7602, 6489.0, 16656.0, 6459.0, 546.0, 33.0
7603, 4974.0, 13818.0, 6683.0, 557.0, 27.0
7603, 6496.0, 16355.0, 6740.0, 602.0, 31.0
7604, 4970.0, 13673.0, 6601.0, 548.0, 27.0
7604, 6501.0, 16417.0, 6591.0, 554.0, 32.0
7605, 4965.0, 14146.0, 6552.0, 549.0, 28.0
7605, 6511.0, 14751.0, 6576.0, 552.0, 29.0
7606, 4959.0, 15533.0, 6682.0, 572.0, 30.0
7606, 6518.0, 14860.0, 6672.0, 549.0, 29.0
7607, 4956.0, 14741.0, 6567.0, 561.0, 29.0
7607, 6525.0, 16233.0, 6523.0, 550.0, 32.0
7608, 4952.0, 14744.0, 6567.0, 586.0, 29.0
7608, 6533.0, 14499.0, 6502.0, 541.0, 29.0
7609, 4947.0, 16522.0, 6570.0, 595.0, 32.0
7609, 6539.0, 16059.0, 6461.0, 542.0, 32.0
7610, 4944.0, 15829.0, 6546.0, 587.0, 31.0
7610, 6548.0, 15375.0, 6395.0, 535.0, 31.0
7611, 4941.0, 14001.0, 6521.0, 554.0, 28.0
7611, 6555.0, 15304.0, 6577.0, 573.0, 30.0
7612, 4936.0, 14168.0, 6543.0, 554.0, 28.0
7612, 6559.0, 18915.0, 6620.0, 589.0, 36.0
7613, 4932.0, 14086.0, 6536.0, 552.0, 28.0
7613, 6563.0, 20141.0, 6528.0, 617.0, 38.0
7614, 4928.0, 13827.0, 6428.0, 540.0, 28.0
7614, 6571.0, 18835.0, 6462.0, 562.0, 37.0
7615, 4924.0, 14024.0, 6534.0, 549.0, 28.0
7615, 6585.0, 15043.0, 6474.0, 540.0, 30.0
7616, 4920.0, 13994.0, 6529.0, 544.0, 28.0
7616, 6592.0, 15023.0, 6449.0, 536.0, 30.0
7617, 4916.0, 13678.0, 6597.0, 548.0, 27.0
7617, 6600.0, 15235.0, 6562.0, 543.0, 30.0
7618, 4911.0, 13741.0, 6354.0, 535.0, 28.0
7618, 6607.0, 15385.0, 6357.0, 538.0, 31.0
7619, 4908.0, 13794.0, 6661.0, 553.0, 27.0
7619, 6614.0, 17798.0, 6646.0, 574.0, 34.0
7620, 4903.0, 13468.0, 6481.0, 542.0, 27.0
7620, 6621.0, 16291.0, 6540.0, 562.0, 32.0
7621, 4899.0, 14286.0, 6650.0, 557.0, 28.0
7621, 6630.0, 15872.0, 6610.0, 545.0, 31.0
7622, 4894.0, 14177.0, 6564.0, 557.0, 28.0
7622, 6637.0, 16957.0, 6560.0, 558.0, 33.0
7623, 4890.0, 13997.0, 6485.0, 548.0, 28.0
7623, 6643.0, 16865.0, 6510.0, 577.0, 33.0
7624, 4885.0, 14790.0, 6613.0, 558.0, 29.0
7624, 6651.0, 16388.0, 6607.0, 551.0, 32.0
7625, 4882.0, 14352.0, 6688.0, 559.0, 28.0
7625, 6659.0, 15863.0, 6603.0, 552.0, 31.0
7626, 4876.0, 14785.0, 6585.0, 558.0, 29.0
7626, 6666.0, 16443.0, 6589.0, 558.0, 32.0
7627, 4870.0, 16209.0, 6701.0, 605.0, 31.0
7627, 6672.0, 16844.0, 6726.0, 598.0, 32.0
7628, 4866.0, 18332.0, 6737.0, 641.0, 34.0
7628, 6675.0, 18608.0, 6544.0, 560.0, 36.0
7629, 4862.0, 15873.0, 6512.0, 579.0, 31.0
7629, 6688.0, 14924.0, 6462.0, 531.0, 30.0
7630, 4858.0, 15946.0, 6574.0, 571.0, 31.0
7630, 6696.0, 15336.0, 6608.0, 543.0, 30.0
7631, 4856.0, 13358.0, 6712.0, 565.0, 26.0
7631, 6704.0, 14873.0, 6657.0, 546.0, 29.0
7632, 4852.0, 13544.0, 6572.0, 553.0, 27.0
7632, 6712.0, 15038.0, 6530.0, 543.0, 30.0
7633, 4846.0, 14188.0, 6604.0, 547.0, 28.0
7633, 6718.0, 16538.0, 6616.0, 579.0, 32.0
7634, 4842.0, 13240.0, 6599.0, 557.0, 26.0
7634, 6722.0, 18883.0, 6648.0, 584.0, 36.0
7635, 4837.0, 13991.0, 6488.0, 546.0, 28.0
7635, 6726.0, 20998.0, 6482.0, 555.0, 41.0
7636, 4833.0, 13582.0, 6551.0, 551.0, 27.0
7636, 6729.0, 22764.0, 6482.0, 562.0, 44.0
7637, 4829.0, 14368.0, 6700.0, 562.0, 28.0
7637, 6747.0, 18926.0, 6686.0, 576.0, 36.0
7638, 4824.0, 14104.0, 6523.0, 549.0, 28.0
7638, 6756.0, 18293.0, 6592.0, 592.0, 35.0
7639, 4820.0, 13602.0, 6549.0, 551.0, 27.0
7639, 6762.0, 18102.0, 6504.0, 577.0, 35.0
7640, 4815.0, 14059.0, 6540.0, 547.0, 28.0
7640, 6772.0, 16209.0, 6509.0, 545.0, 32.0
7641, 4811.0, 14101.0, 6562.0, 554.0, 28.0
7641, 6781.0, 15583.0, 6493.0, 540.0, 31.0
7642, 4807.0, 13973.0, 6747.0, 563.0, 27.0
7642, 6788.0, 16558.0, 6626.0, 553.0, 32.0
7643, 4802.0, 13991.0, 6508.0, 543.0, 28.0
7643, 5242.0, 7331.0, 5929.0, 469.0, 16.0
7643, 6797.0, 15634.0, 6501.0, 541.0, 31.0
7644, 4798.0, 13822.0, 6679.0, 561.0, 27.0
7644, 6804.0, 16519.0, 6613.0, 560.0, 32.0
7645, 4793.0, 13979.0, 6490.0, 542.0, 28.0
7645, 6811.0, 16787.0, 6528.0, 561.0, 33.0
7646, 4789.0, 13691.0, 6610.0, 549.0, 27.0
7646, 5242.0, 7900.0, 6019.0, 476.0, 17.0
7646, 6820.0, 16402.0, 6606.0, 548.0, 32.0
7647, 4785.0, 13681.0, 6619.0, 548.0, 27.0
7647, 5242.0, 7908.0, 6007.0, 477.0, 17.0
7647, 6828.0, 17543.0, 6580.0, 564.0, 34.0
7648, 4780.0, 14046.0, 6495.0, 545.0, 28.0
7648, 5242.0, 7773.0, 5914.0, 469.0, 17.0
7648, 6835.0, 19112.0, 6525.0, 572.0, 37.0
7649, 4776.0, 13984.0, 6748.0, 563.0, 27.0
7649, 5243.0, 7565.0, 6118.0, 484.0, 16.0
7649, 6841.0, 20180.0, 6758.0, 630.0, 37.0
7650, 4771.0, 14267.0, 6622.0, 556.0, 28.0
7650, 5242.0, 7891.0, 5997.0, 475.0, 17.0
7650, 6844.0, 21799.0, 6618.0, 595.0, 41.0
7651, 4766.0, 14336.0, 6614.0, 556.0, 28.0
7651, 5242.0, 7947.0, 6041.0, 478.0, 17.0
7651, 6859.0, 19134.0, 6608.0, 550.0, 37.0
7652, 4762.0, 14141.0, 6566.0, 551.0, 28.0
7652, 5242.0, 7856.0, 5974.0, 473.0, 17.0
7652, 6869.0, 17105.0, 6600.0, 576.0, 33.0
7653, 4758.0, 13655.0, 6604.0, 550.0, 27.0
7653, 5242.0, 7835.0, 5962.0, 472.0, 17.0
7653, 6876.0, 17537.0, 6570.0, 563.0, 34.0
7654, 4753.0, 13747.0, 6625.0, 554.0, 27.0
7654, 5242.0, 7934.0, 6030.0, 479.0, 17.0
7654, 6885.0, 16378.0, 6600.0, 547.0, 32.0
7655, 4748.0, 14197.0, 6578.0, 551.0, 28.0
7655, 5242.0, 8365.0, 5982.0, 478.0, 18.0
7655, 6895.0, 15777.0, 6576.0, 542.0, 31.0
7656, 4744.0, 13785.0, 6679.0, 553.0, 27.0
7656, 5242.0, 7935.0, 6028.0, 480.0, 17.0
7656, 6903.0, 16557.0, 6651.0, 560.0, 32.0
7657, 4739.0, 13664.0, 6577.0, 549.0, 27.0
7657, 5242.0, 8367.0, 5990.0, 478.0, 18.0
7657, 6910.0, 16502.0, 6598.0, 560.0, 32.0
7658, 4734.0, 14095.0, 6533.0, 547.0, 28.0
7658, 5242.0, 8303.0, 5936.0, 476.0, 18.0
7658, 6918.0, 16316.0, 6536.0, 548.0, 32.0
7659, 4730.0, 13683.0, 6630.0, 548.0, 27.0
7659, 5242.0, 8377.0, 6009.0, 478.0, 18.0
7659, 6927.0, 15849.0, 6588.0, 545.0, 31.0
7660, 4725.0, 13575.0, 6555.0, 545.0, 27.0
7660, 5242.0, 8297.0, 5935.0, 474.0, 18.0
7660, 6935.0, 16322.0, 6554.0, 551.0, 32.0
7661, 4720.0, 13515.0, 6524.0, 541.0, 27.0
7661, 5242.0, 8263.0, 5917.0, 472.0, 18.0
7661, 6943.0, 15760.0, 6564.0, 547.0, 31.0
7662, 4715.0, 13646.0, 6575.0, 543.0, 27.0
7662, 5241.0, 8820.0, 5981.0, 478.0, 19.0
7662, 6952.0, 17047.0, 6639.0, 561.0, 33.0
7663, 4710.0, 14067.0, 6538.0, 544.0, 28.0
7663, 5242.0, 8309.0, 5940.0, 475.0, 18.0
7663, 6958.0, 16929.0, 6542.0, 560.0, 33.0
7664, 4706.0, 13677.0, 6606.0, 547.0, 27.0
7664, 5242.0, 8329.0, 5974.0, 476.0, 18.0
7664, 6968.0, 15839.0, 6611.0, 540.0, 31.0
7665, 4700.0, 14777.0, 6567.0, 551.0, 29.0
7665, 5241.0, 9275.0, 5972.0, 478.0, 20.0
7665, 6976.0, 16959.0, 6597.0, 551.0, 33.0
7666, 4695.0, 14841.0, 6651.0, 556.0, 29.0
7666, 5242.0, 8401.0, 6021.0, 481.0, 18.0
7666, 6985.0, 15396.0, 6666.0, 547.0, 30.0
7666, 7016.0, 11546.0, 6591.0, 531.0, 23.0
7667, 4691.0, 14274.0, 6635.0, 556.0, 28.0
7667, 5242.0, 8316.0, 5952.0, 476.0, 18.0
7667, 6992.0, 24157.0, 6612.0, 547.0, 47.0
7668, 4685.0, 14820.0, 6601.0, 554.0, 29.0
7668, 5241.0, 9212.0, 5924.0, 474.0, 20.0
7668, 7000.0, 19159.0, 6587.0, 558.0, 37.0
7669, 4679.0, 15878.0, 6553.0, 574.0, 31.0
7669, 5242.0, 8607.0, 5836.0, 468.0, 19.0
7669, 7008.0, 17644.0, 6582.0, 586.0, 34.0
7670, 4675.0, 15083.0, 6460.0, 564.0, 30.0
7670, 5242.0, 8539.0, 5783.0, 462.0, 19.0
7670, 7012.0, 17941.0, 6511.0, 574.0, 35.0
7671, 4672.0, 14740.0, 6605.0, 556.0, 29.0
7671, 5241.0, 9177.0, 5913.0, 474.0, 20.0
7671, 7015.0, 21698.0, 6541.0, 552.0, 42.0
7672, 4665.0, 15906.0, 6612.0, 556.0, 31.0
7672, 5241.0, 9300.0, 5982.0, 478.0, 20.0
7672, 7021.0, 22934.0, 6606.0, 560.0, 44.0
7673, 4661.0, 14916.0, 6655.0, 588.0, 29.0
7673, 5241.0, 8686.0, 5893.0, 472.0, 19.0
7673, 7024.0, 24732.0, 6494.0, 546.0, 48.0
7674, 4656.0, 17624.0, 6599.0, 577.0, 34.0
7674, 5242.0, 8243.0, 5892.0, 472.0, 18.0
7674, 7027.0, 28593.0, 6537.0, 585.0, 54.0
7675, 4651.0, 15402.0, 6594.0, 566.0, 30.0
7675, 5241.0, 8776.0, 5950.0, 476.0, 19.0
7675, 7049.0, 20022.0, 6550.0, 555.0, 39.0
7676, 4646.0, 20862.0, 6594.0, 560.0, 41.0
7676, 5241.0, 9177.0, 5897.0, 472.0, 20.0
7676, 7064.0, 16768.0, 6530.0, 542.0, 33.0
7677, 4643.0, 21273.0, 6514.0, 577.0, 42.0
7677, 5241.0, 8967.0, 5768.0, 462.0, 20.0
7677, 7073.0, 16426.0, 6390.0, 535.0, 33.0
7678, 4644.0, 19266.0, 6590.0, 584.0, 37.0
7678, 5241.0, 9181.0, 5903.0, 473.0, 20.0
7678, 7081.0, 16965.0, 6568.0, 563.0, 33.0
7679, 5241.0, 9041.0, 5806.0, 469.0, 20.0
7679, 7089.0, 15944.0, 6430.0, 530.0, 32.0
7680, 5241.0, 9058.0, 5818.0, 468.0, 20.0
7680, 7098.0, 15990.0, 6441.0, 533.0, 32.0
7681, 5241.0, 8851.0, 5998.0, 479.0, 19.0
7681, 7106.0, 16392.0, 6590.0, 548.0, 32.0
7682, 5241.0, 9103.0, 5859.0, 470.0, 20.0
7682, 7114.0, 16113.0, 6470.0, 540.0, 32.0
7683, 5241.0, 9139.0, 5877.0, 472.0, 20.0
7683, 7123.0, 15110.0, 6525.0, 538.0, 30.0
7684, 5241.0, 9169.0, 5895.0, 474.0, 20.0
7684, 7130.0, 16134.0, 6489.0, 542.0, 32.0
7685, 5241.0, 8445.0, 5732.0, 463.0, 19.0
7685, 7138.0, 16499.0, 6368.0, 552.0, 33.0
7686, 5241.0, 9043.0, 5812.0, 468.0, 20.0
7686, 7143.0, 18261.0, 6429.0, 556.0, 36.0
7687, 5242.0, 8674.0, 5882.0, 472.0, 19.0
7687, 7155.0, 15545.0, 6474.0, 532.0, 31.0
7688, 5241.0, 9267.0, 5955.0, 478.0, 20.0
7688, 7163.0, 15828.0, 6570.0, 543.0, 31.0
7689, 5241.0, 9247.0, 5951.0, 478.0, 20.0
7689, 7171.0, 16214.0, 6510.0, 538.0, 32.0
7690, 5242.0, 8732.0, 5913.0, 474.0, 19.0
7690, 7180.0, 16197.0, 6533.0, 539.0, 32.0
7691, 5241.0, 9211.0, 5927.0, 477.0, 20.0
7691, 7188.0, 16351.0, 6540.0, 557.0, 32.0
7692, 5241.0, 9307.0, 6000.0, 481.0, 20.0
7692, 7195.0, 16374.0, 6574.0, 540.0, 32.0
7693, 5241.0, 9216.0, 5926.0, 474.0, 20.0
7693, 7206.0, 15227.0, 6568.0, 538.0, 30.0
7694, 5242.0, 8889.0, 6012.0, 482.0, 19.0
7694, 7214.0, 15971.0, 6655.0, 546.0, 31.0
7695, 5241.0, 9195.0, 5916.0, 475.0, 20.0
7695, 7222.0, 16334.0, 6546.0, 547.0, 32.0
7696, 5242.0, 8403.0, 5690.0, 458.0, 19.0
7696, 7229.0, 16210.0, 6287.0, 533.0, 33.0
7697, 5242.0, 8824.0, 5982.0, 480.0, 19.0
7697, 7238.0, 16398.0, 6588.0, 546.0, 32.0
7698, 5242.0, 8795.0, 5957.0, 477.0, 19.0
7698, 7246.0, 15893.0, 6596.0, 553.0, 31.0
7699, 5242.0, 8180.0, 5859.0, 470.0, 18.0
7699, 7254.0, 15565.0, 6488.0, 539.0, 31.0
7700, 5242.0, 8465.0, 5730.0, 460.0, 19.0
7700, 7262.0, 15206.0, 6347.0, 520.0, 31.0
7701, 5242.0, 8707.0, 5898.0, 474.0, 19.0
7701, 7271.0, 15109.0, 6499.0, 534.0, 30.0
7702, 5241.0, 8583.0, 5825.0, 466.0, 19.0
7702, 7278.0, 15950.0, 6409.0, 531.0, 32.0
7703, 5242.0, 8184.0, 5856.0, 470.0, 18.0
7703, 7287.0, 16677.0, 6463.0, 547.0, 33.0
7704, 5242.0, 8135.0, 5834.0, 467.0, 18.0
7704, 7295.0, 16583.0, 6473.0, 539.0, 33.0
7705, 5242.0, 8454.0, 6051.0, 484.0, 18.0
7705, 7303.0, 17137.0, 6680.0, 555.0, 33.0
7706, 5242.0, 8352.0, 5986.0, 477.0, 18.0
7706, 7312.0, 16374.0, 6602.0, 541.0, 32.0
7707, 5241.0, 8766.0, 5949.0, 475.0, 19.0
7707, 7320.0, 16179.0, 6511.0, 535.0, 32.0
7708, 5242.0, 8370.0, 5994.0, 480.0, 18.0
7708, 7330.0, 15329.0, 6622.0, 542.0, 30.0
7709, 5242.0, 8483.0, 6084.0, 486.0, 18.0
7709, 7338.0, 16567.0, 6666.0, 547.0, 32.0
7710, 5242.0, 8216.0, 5878.0, 470.0, 18.0
7710, 7347.0, 15496.0, 6478.0, 529.0, 31.0
7711, 5241.0, 8688.0, 5900.0, 472.0, 19.0
7711, 7355.0, 19675.0, 6448.0, 537.0, 39.0
7728, 7458.0, 8308.0, 6396.0, 503.0, 17.0
7729, 5242.0, 7405.0, 5996.0, 475.0, 16.0
7751, 4947.0, 11217.0, 6702.0, 539.0, 22.0
7821, 4565.0, 13174.0, 6610.0, 529.0, 26.0
7822, 4557.0, 13089.0, 6596.0, 536.0, 26.0
7823, 4551.0, 12660.0, 6617.0, 539.0, 25.0
7824, 4546.0, 12627.0, 6647.0, 541.0, 25.0
7825, 4539.0, 13005.0, 6560.0, 537.0, 26.0
7826, 4534.0, 13744.0, 6649.0, 562.0, 27.0
7827, 4529.0, 13131.0, 6627.0, 544.0, 26.0
7828, 4522.0, 14271.0, 6648.0, 565.0, 28.0
7829, 4518.0, 13839.0, 6673.0, 567.0, 27.0
7830, 4513.0, 13106.0, 6582.0, 546.0, 26.0
7830, 7775.0, 11577.0, 6691.0, 584.0, 23.0
7831, 4508.0, 13076.0, 6576.0, 548.0, 26.0
7831, 7779.0, 12047.0, 6607.0, 572.0, 24.0
7832, 4504.0, 12785.0, 6729.0, 545.0, 25.0
7832, 7786.0, 12466.0, 6914.0, 589.0, 24.0
7833, 4498.0, 12815.0, 6720.0, 550.0, 25.0
7833, 7792.0, 13038.0, 6907.0, 586.0, 25.0
7834, 4493.0, 12875.0, 6744.0, 551.0, 25.0
7834, 7799.0, 12582.0, 6936.0, 589.0, 24.0
7835, 4488.0, 12412.0, 6806.0, 550.0, 24.0
7836, 4482.0, 12797.0, 6727.0, 549.0, 25.0
7837, 4476.0, 12765.0, 6673.0, 546.0, 25.0
7838, 4471.0, 12683.0, 6669.0, 542.0, 25.0
7839, 4465.0, 13033.0, 6817.0, 556.0, 25.0
7840, 4451.0, 17551.0, 6605.0, 555.0, 34.0
7841, 4449.0, 17152.0, 6778.0, 636.0, 32.0
7842, 4448.0, 14286.0, 6617.0, 572.0, 28.0
7843, 4443.0, 13763.0, 6663.0, 553.0, 27.0
7844, 4437.0, 12956.0, 6480.0, 534.0, 26.0
7845, 4432.0, 12617.0, 6630.0, 546.0, 25.0
7846, 4426.0, 13049.0, 6573.0, 539.0, 26.0
7847, 4419.0, 14258.0, 6634.0, 559.0, 28.0
7848, 4415.0, 13114.0, 6612.0, 551.0, 26.0
7849, 4409.0, 13159.0, 6594.0, 543.0, 26.0
7850, 4404.0, 12381.0, 6498.0, 532.0, 25.0
7851, 4398.0, 12825.0, 6451.0, 533.0, 26.0
7852, 4393.0, 12884.0, 6494.0, 533.0, 26.0
7853, 4387.0, 12488.0, 6542.0, 539.0, 25.0
7854, 4382.0, 12658.0, 6646.0, 545.0, 25.0
7855, 4376.0, 12404.0, 6494.0, 530.0, 25.0
7856, 4370.0, 13385.0, 6741.0, 566.0, 26.0
7857, 4365.0, 13279.0, 6670.0, 549.0, 26.0
7858, 4360.0, 12673.0, 6653.0, 540.0, 25.0
7859, 4354.0, 12682.0, 6638.0, 542.0, 25.0
7860, 4348.0, 13179.0, 6649.0, 549.0, 26.0
7861, 4343.0, 13093.0, 6613.0, 541.0, 26.0
7862, 4338.0, 12629.0, 6624.0, 540.0, 25.0
7863, 4332.0, 12729.0, 6667.0, 544.0, 25.0
7864, 4327.0, 12624.0, 6627.0, 542.0, 25.0
7865, 4321.0, 12718.0, 6647.0, 544.0, 25.0
7866, 4306.0, 18095.0, 6638.0, 556.0, 35.0
7867, 4302.0, 17527.0, 6610.0, 555.0, 34.0
7868, 4296.0, 18271.0, 6748.0, 638.0, 34.0
7869, 4294.0, 16764.0, 6598.0, 626.0, 32.0
7870, 4293.0, 13390.0, 6774.0, 558.0, 26.0
7871, 4287.0, 13225.0, 6645.0, 546.0, 26.0
7872, 4282.0, 12501.0, 6554.0, 539.0, 25.0
7873, 4276.0, 12935.0, 6519.0, 536.0, 26.0
7874, 4270.0, 12921.0, 6501.0, 541.0, 26.0
7875, 4265.0, 12900.0, 6505.0, 535.0, 26.0
7876, 4260.0, 12271.0, 6458.0, 526.0, 25.0
7877, 4253.0, 13341.0, 6476.0, 530.0, 27.0
7878, 4244.0, 15467.0, 6636.0, 597.0, 30.0
7879, 4241.0, 14161.0, 6554.0, 561.0, 28.0
7880, 4237.0, 14046.0, 6557.0, 561.0, 28.0
7881, 4230.0, 14013.0, 6500.0, 550.0, 28.0
7882, 4225.0, 14102.0, 6519.0, 566.0, 28.0
7883, 4221.0, 15118.0, 6481.0, 572.0, 30.0
7884, 4213.0, 19610.0, 6468.0, 583.0, 38.0
7885, 4210.0, 12804.0, 6385.0, 531.0, 26.0
7886, 4205.0, 12019.0, 6329.0, 518.0, 25.0
7887, 4199.0, 13602.0, 6599.0, 566.0, 27.0
7888, 4194.0, 14049.0, 6521.0, 545.0, 28.0
7889, 4189.0, 12233.0, 6424.0, 522.0, 25.0
7890, 4182.0, 13502.0, 6497.0, 542.0, 27.0
7891, 4178.0, 13135.0, 6618.0, 549.0, 26.0
7892, 4172.0, 12838.0, 6472.0, 533.0, 26.0
7893, 4167.0, 12205.0, 6409.0, 523.0, 25.0
7894, 4161.0, 12862.0, 6500.0, 538.0, 26.0
7895, 4155.0, 12782.0, 6423.0, 533.0, 26.0
7896, 4150.0, 13147.0, 6630.0, 545.0, 26.0
7897, 4144.0, 12939.0, 6512.0, 538.0, 26.0
7898, 4139.0, 13048.0, 6586.0, 547.0, 26.0
7899, 4133.0, 12523.0, 6575.0, 539.0, 25.0
7900, 4126.0, 14076.0, 6539.0, 563.0, 28.0
7901, 4122.0, 13100.0, 6631.0, 544.0, 26.0
7902, 4116.0, 12827.0, 6459.0, 533.0, 26.0
7903, 4111.0, 12180.0, 6406.0, 523.0, 25.0
7904, 4105.0, 13277.0, 6683.0, 565.0, 26.0
7905, 4100.0, 13181.0, 6632.0, 548.0, 26.0
7906, 4095.0, 11968.0, 6547.0, 536.0, 24.0
7907, 4089.0, 13125.0, 6634.0, 543.0, 26.0
7908, 4084.0, 12180.0, 6697.0, 547.0, 24.0
7909, 4075.0, 15026.0, 6712.0, 588.0, 29.0
7910, 4072.0, 14018.0, 6785.0, 578.0, 27.0
7911, 4065.0, 14396.0, 6674.0, 572.0, 28.0
7912, 4061.0, 12944.0, 6520.0, 536.0, 26.0
7913, 4056.0, 12469.0, 6555.0, 533.0, 25.0
7914, 4051.0, 12575.0, 6620.0, 538.0, 25.0
7915, 4045.0, 12401.0, 6499.0, 530.0, 25.0
7916, 4038.0, 13600.0, 6572.0, 560.0, 27.0
7917, 4034.0, 13074.0, 6613.0, 543.0, 26.0
7918, 4028.0, 12568.0, 6596.0, 543.0, 25.0
7919, 4023.0, 12612.0, 6636.0, 543.0, 25.0
7920, 4017.0, 12491.0, 6546.0, 536.0, 25.0
7921, 4011.0, 13074.0, 6579.0, 548.0, 26.0
7922, 4006.0, 12803.0, 6456.0, 535.0, 26.0
7923, 4001.0, 12608.0, 6627.0, 545.0, 25.0
7924, 3995.0, 12969.0, 6516.0, 536.0, 26.0
7925, 3990.0, 12369.0, 6492.0, 530.0, 25.0
7926, 3985.0, 11933.0, 6552.0, 534.0, 24.0
7927, 3978.0, 12973.0, 6535.0, 544.0, 26.0
7928, 3973.0, 12827.0, 6478.0, 533.0, 26.0
7929, 3966.0, 13496.0, 6535.0, 543.0, 27.0
7930, 3961.0, 14269.0, 6624.0, 576.0, 28.0
7931, 3956.0, 12920.0, 6535.0, 538.0, 26.0
7932, 3950.0, 13008.0, 6542.0, 537.0, 26.0
7933, 3945.0, 12325.0, 6464.0, 530.0, 25.0
7934, 3938.0, 12964.0, 6500.0, 540.0, 26.0
7935, 3933.0, 13125.0, 6604.0, 546.0, 26.0
7936, 3928.0, 12995.0, 6581.0, 547.0, 26.0
7937, 3922.0, 12767.0, 6463.0, 533.0, 26.0
7938, 3916.0, 12963.0, 6524.0, 545.0, 26.0
7939, 3911.0, 13000.0, 6562.0, 548.0, 26.0
7940, 3906.0, 12266.0, 6446.0, 525.0, 25.0
7941, 3900.0, 12884.0, 6482.0, 541.0, 26.0
7942, 3895.0, 12530.0, 6619.0, 539.0, 25.0
7943, 3889.0, 12607.0, 6619.0, 547.0, 25.0
7944, 3883.0, 12964.0, 6526.0, 541.0, 26.0
7945, 3878.0, 12523.0, 6569.0, 542.0, 25.0
7946, 3872.0, 12118.0, 6358.0, 523.0, 25.0
7947, 3866.0, 12459.0, 6550.0, 536.0, 25.0
7948, 3859.0, 14374.0, 6660.0, 588.0, 28.0
7949, 3855.0, 13395.0, 6501.0, 543.0, 27.0
7950, 3849.0, 13240.0, 6658.0, 547.0, 26.0
7951, 3844.0, 13132.0, 6648.0, 548.0, 26.0
7952, 3832.0, 16629.0, 6648.0, 564.0, 32.0
7953, 3824.0, 18063.0, 6712.0, 580.0, 34.0
7954, 3823.0, 15707.0, 6728.0, 580.0, 30.0
7955, 3821.0, 12581.0, 6578.0, 543.0, 25.0
7956, 3816.0, 12527.0, 6588.0, 541.0, 25.0
7957, 3810.0, 12661.0, 6654.0, 549.0, 25.0
7958, 3804.0, 12861.0, 6463.0, 536.0, 26.0
7959, 3799.0, 12730.0, 6706.0, 551.0, 25.0
7960, 3793.0, 12826.0, 6456.0, 531.0, 26.0
7961, 3787.0, 12601.0, 6340.0, 521.0, 26.0
7962, 3782.0, 12478.0, 6602.0, 541.0, 25.0
7963, 3773.0, 15246.0, 6538.0, 593.0, 30.0
7964, 3770.0, 15556.0, 6682.0, 585.0, 30.0
7965, 3765.0, 12950.0, 6572.0, 543.0, 26.0
7966, 3759.0, 12391.0, 6507.0, 534.0, 25.0
7967, 3753.0, 12796.0, 6452.0, 532.0, 26.0
7968, 3748.0, 11724.0, 6409.0, 529.0, 24.0
7969, 3743.0, 11724.0, 6435.0, 531.0, 24.0
7970, 3737.0, 12335.0, 6486.0, 535.0, 25.0
7971, 3732.0, 12548.0, 6573.0, 540.0, 25.0
7972, 3726.0, 12360.0, 6491.0, 535.0, 25.0
7973, 3245.0, 11275.0, 6431.0, 512.0, 23.0
7973, 3720.0, 12328.0, 6436.0, 531.0, 25.0
7974, 3244.0, 12347.0, 6455.0, 528.0, 25.0
7974, 3715.0, 12321.0, 6450.0, 534.0, 25.0
7975, 3710.0, 11732.0, 6425.0, 526.0, 24.0
7976, 3703.0, 12723.0, 6411.0, 527.0, 26.0
7976, 4020.0, 10644.0, 6368.0, 514.0, 22.0
7977, 3694.0, 15664.0, 6665.0, 613.0, 30.0
7978, 3683.0, 20376.0, 6588.0, 693.0, 37.0
7979, 3661.0, 28354.0, 6444.0, 662.0, 53.0
7980, 3621.0, 19429.0, 6643.0, 607.0, 37.0
7980, 3660.0, 25282.0, 6638.0, 650.0, 46.0
7981, 3620.0, 47532.0, 6828.0, 737.0, 83.0
7982, 3621.0, 11986.0, 6619.0, 557.0, 24.0
7982, 3659.0, 17686.0, 6553.0, 541.0, 35.0
7983, 3664.0, 12732.0, 6418.0, 532.0, 26.0
7984, 3660.0, 11942.0, 6535.0, 535.0, 24.0
7985, 3655.0, 11719.0, 6446.0, 526.0, 24.0
7986, 3603.0, 10340.0, 6478.0, 519.0, 21.0
7986, 3649.0, 11999.0, 6569.0, 538.0, 24.0
7987, 3643.0, 12435.0, 6528.0, 541.0, 25.0
7988, 3637.0, 12179.0, 6415.0, 530.0, 25.0
7989, 3611.0, 22164.0, 6376.0, 535.0, 45.0
7990, 3610.0, 20525.0, 6442.0, 545.0, 41.0
7991, 3613.0, 16475.0, 6554.0, 579.0, 32.0
7992, 3613.0, 14241.0, 6596.0, 561.0, 28.0
7993, 3609.0, 12342.0, 6506.0, 538.0, 25.0
7994, 3601.0, 13654.0, 6576.0, 565.0, 27.0
7995, 3597.0, 12860.0, 6481.0, 544.0, 26.0
7995, 7313.0, 7666.0, 6262.0, 494.0, 16.0
7996, 3592.0, 12267.0, 6472.0, 534.0, 25.0
7997, 3586.0, 12443.0, 6524.0, 540.0, 25.0
7998, 3580.0, 12857.0, 6473.0, 540.0, 26.0
7999, 3575.0, 12247.0, 6424.0, 530.0, 25.0
8000, 3569.0, 12712.0, 6671.0, 556.0, 25.0
8000, 5481.0, 10474.0, 6550.0, 518.0, 21.0
8001, 3564.0, 12762.0, 6733.0, 554.0, 25.0
8001, 5480.0, 10532.0, 6581.0, 521.0, 21.0
8002, 3558.0, 12740.0, 6682.0, 551.0, 25.0
8003, 3553.0, 12421.0, 6834.0, 555.0, 24.0
8004, 3544.0, 15763.0, 6949.0, 648.0, 29.0
8005, 3541.0, 16004.0, 6870.0, 603.0, 30.0
8006, 3535.0, 13116.0, 6612.0, 548.0, 26.0
8007, 3530.0, 12936.0, 6789.0, 565.0, 25.0
8008, 3525.0, 11922.0, 6564.0, 537.0, 24.0
8009, 3519.0, 11906.0, 6521.0, 534.0, 24.0
8010, 3512.0, 13066.0, 6573.0, 549.0, 26.0
8011, 3463.0, 14667.0, 6527.0, 560.0, 29.0
8011, 3508.0, 12310.0, 6486.0, 534.0, 25.0
8012, 3488.0, 19568.0, 6514.0, 541.0, 39.0
8013, 3487.0, 17525.0, 6550.0, 575.0, 34.0
8014, 3488.0, 17056.0, 6782.0, 716.0, 31.0
8015, 3485.0, 13229.0, 6671.0, 559.0, 26.0
8016, 3479.0, 12490.0, 6556.0, 543.0, 25.0
8017, 3474.0, 12496.0, 6598.0, 549.0, 25.0
8018, 3468.0, 12335.0, 6496.0, 535.0, 25.0
8019, 3462.0, 12705.0, 6698.0, 565.0, 25.0
8020, 3457.0, 12631.0, 6647.0, 548.0, 25.0
8021, 3451.0, 12619.0, 6615.0, 551.0, 25.0
8022, 3445.0, 12480.0, 6520.0, 543.0, 25.0
8023, 3440.0, 12369.0, 6496.0, 537.0, 25.0
8024, 3434.0, 12725.0, 6663.0, 552.0, 25.0
8025, 3429.0, 12098.0, 6632.0, 544.0, 24.0
8026, 3423.0, 12151.0, 6657.0, 547.0, 24.0
8027, 3417.0, 12735.0, 6683.0, 553.0, 25.0
8028, 3412.0, 12642.0, 6667.0, 546.0, 25.0
8029, 3404.0, 13628.0, 6589.0, 554.0, 27.0
8030, 3396.0, 16431.0, 6690.0, 634.0, 31.0
8031, 3391.0, 16901.0, 6844.0, 698.0, 31.0
8032, 3386.0, 15807.0, 6712.0, 629.0, 30.0
8033, 3380.0, 15732.0, 6739.0, 613.0, 30.0
8034, 3371.0, 16974.0, 6527.0, 588.0, 33.0
8035, 3364.0, 17583.0, 6551.0, 579.0, 34.0
8036, 3355.0, 19447.0, 6445.0, 562.0, 38.0
8037, 3220.0, 7794.0, 6372.0, 500.0, 16.0
8037, 3344.0, 24548.0, 6577.0, 570.0, 47.0
8038, 3335.0, 23872.0, 6702.0, 586.0, 46.0
8039, 3330.0, 22782.0, 6593.0, 565.0, 45.0
8040, 3324.0, 23798.0, 6698.0, 605.0, 45.0
8041, 3313.0, 26001.0, 6642.0, 555.0, 51.0
8042, 3292.0, 33990.0, 6588.0, 570.0, 66.0
8043, 3283.0, 19713.0, 6665.0, 557.0, 38.0
8043, 3327.0, 13229.0, 6698.0, 578.0, 26.0
8044, 3280.0, 12645.0, 6634.0, 554.0, 25.0
8044, 3323.0, 12136.0, 6689.0, 555.0, 24.0
8045, 3308.0, 17784.0, 6649.0, 581.0, 34.0
8046, 3309.0, 14358.0, 6673.0, 579.0, 28.0
8047, 3305.0, 12548.0, 6574.0, 547.0, 25.0
8048, 3299.0, 13163.0, 6616.0, 552.0, 26.0
8049, 3292.0, 13264.0, 6672.0, 554.0, 26.0
8050, 3288.0, 13528.0, 6845.0, 593.0, 26.0
8051, 3282.0, 13156.0, 6638.0, 556.0, 26.0
8052, 3277.0, 12491.0, 6560.0, 548.0, 25.0
8053, 3271.0, 12797.0, 6706.0, 556.0, 25.0
8054, 3265.0, 13221.0, 6673.0, 570.0, 26.0
8055, 3257.0, 14971.0, 6696.0, 613.0, 29.0
8056, 3254.0, 13000.0, 6566.0, 557.0, 26.0
8056, 3342.0, 11865.0, 6542.0, 539.0, 24.0
8057, 3249.0, 12615.0, 6641.0, 558.0, 25.0
8058, 3243.0, 12636.0, 6640.0, 558.0, 25.0
8059, 3237.0, 13311.0, 6685.0, 583.0, 26.0
8060, 3232.0, 12638.0, 6633.0, 550.0, 25.0
8061, 3226.0, 12382.0, 6515.0, 546.0, 25.0
8062, 3221.0, 12606.0, 6622.0, 549.0, 25.0
8063, 3215.0, 12369.0, 6488.0, 540.0, 25.0
8064, 3210.0, 12269.0, 6754.0, 555.0, 24.0
8065, 3204.0, 12604.0, 6643.0, 551.0, 25.0
8081, 3284.0, 10716.0, 6420.0, 521.0, 22.0
8091, 5363.0, 10884.0, 6541.0, 536.0, 22.0
8100, 3772.0, 9544.0, 6590.0, 519.0, 19.0
8101, 3770.0, 12227.0, 6709.0, 549.0, 24.0
8111, 3533.0, 10179.0, 6370.0, 513.0, 21.0
8134, 4796.0, 9678.0, 6353.0, 509.0, 20.0
8150, 3602.0, 9983.0, 6224.0, 500.0, 21.0
8184, 5200.0, 13229.0, 6646.0, 545.0, 26.0
8210, 6532.0, 10531.0, 6302.0, 511.0, 22.0
8211, 6531.0, 12897.0, 6507.0, 542.0, 26.0
8244, 7286.0, 10321.0, 6494.0, 530.0, 21.0
8245, 7289.0, 8333.0, 6412.0, 505.0, 17.0
