4818, 3304.0, 12476.0, 6137.0, 522.0, 26.0
4818, 3341.0, 8147.0, 6220.0, 507.0, 17.0
4818, 3373.0, 10491.0, 6233.0, 506.0, 22.0
4818, 3412.0, 8110.0, 6314.0, 510.0, 17.0
4818, 3487.0, 12373.0, 6305.0, 512.0, 26.0
4818, 3588.0, 20745.0, 6079.0, 507.0, 44.0
4818, 3652.0, 11344.0, 6433.0, 519.0, 23.0
4818, 3750.0, 8099.0, 6129.0, 505.0, 17.0
4818, 3773.0, 8006.0, 6085.0, 487.0, 17.0
4818, 3817.0, 7939.0, 6018.0, 489.0, 17.0
4818, 3841.0, 7929.0, 6048.0, 491.0, 17.0
4818, 3879.0, 12726.0, 6230.0, 508.0, 27.0
4818, 3952.0, 8732.0, 6381.0, 515.0, 18.0
4818, 3977.0, 8302.0, 6009.0, 487.0, 18.0
4818, 4012.0, 11340.0, 6280.0, 506.0, 24.0
4818, 4047.0, 7832.0, 5934.0, 481.0, 17.0
4818, 4129.0, 12381.0, 6058.0, 511.0, 26.0
4818, 4160.0, 8735.0, 6424.0, 520.0, 18.0
4818, 4201.0, 9336.0, 5964.0, 488.0, 20.0
4818, 4232.0, 9864.0, 6443.0, 514.0, 20.0
4818, 4275.0, 9204.0, 6347.0, 520.0, 19.0
4818, 4312.0, 8600.0, 6297.0, 512.0, 18.0
4818, 4366.0, 9671.0, 6395.0, 517.0, 20.0
4818, 4387.0, 8156.0, 6211.0, 512.0, 17.0
4818, 4434.0, 7804.0, 5963.0, 476.0, 17.0
4818, 4505.0, 7923.0, 6047.0, 490.0, 17.0
4818, 4554.0, 8818.0, 6392.0, 512.0, 18.0
4818, 4587.0, 17556.0, 6328.0, 514.0, 37.0
4818, 4626.0, 22155.0, 6047.0, 504.0, 47.0
4818, 4710.0, 11847.0, 6270.0, 516.0, 25.0
4818, 4747.0, 8201.0, 6240.0, 506.0, 17.0
4818, 4767.0, 22397.0, 6004.0, 522.0, 47.0
4818, 4877.0, 8540.0, 6143.0, 500.0, 18.0
4818, 4950.0, 33826.0, 6330.0, 524.0, 71.0
4818, 5025.0, 12405.0, 6243.0, 509.0, 26.0
4818, 5057.0, 7972.0, 6051.0, 487.0, 17.0
4818, 5106.0, 15264.0, 6384.0, 510.0, 32.0
4818, 5139.0, 18718.0, 6059.0, 528.0, 39.0
4818, 5306.0, 8457.0, 6038.0, 491.0, 18.0
4818, 5389.0, 8396.0, 6436.0, 511.0, 17.0
4818, 5444.0, 8435.0, 6064.0, 494.0, 18.0
4818, 5487.0, 10350.0, 6514.0, 527.0, 21.0
4818, 5585.0, 9847.0, 5985.0, 504.0, 21.0
4818, 5612.0, 13872.0, 6486.0, 527.0, 29.0
4818, 5646.0, 31807.0, 6419.0, 515.0, 67.0
4818, 5776.0, 8896.0, 5998.0, 494.0, 19.0
4818, 5859.0, 9206.0, 6367.0, 517.0, 19.0
4818, 5912.0, 8137.0, 6336.0, 511.0, 17.0
4818, 5941.0, 19071.0, 6378.0, 506.0, 40.0
4818, 6006.0, 8647.0, 6295.0, 514.0, 18.0
4818, 6043.0, 14750.0, 6290.0, 512.0, 31.0
4818, 6106.0, 8521.0, 6098.0, 505.0, 18.0
4818, 6173.0, 13317.0, 6052.0, 518.0, 28.0
4818, 6234.0, 39280.0, 6314.0, 525.0, 83.0
4818, 6363.0, 9260.0, 6422.0, 541.0, 19.0
4818, 6418.0, 9272.0, 6036.0, 500.0, 20.0
4818, 6453.0, 9306.0, 6457.0, 513.0, 19.0
4818, 6510.0, 9127.0, 6280.0, 515.0, 19.0
4818, 6542.0, 14719.0, 6386.0, 515.0, 31.0
4818, 6591.0, 9144.0, 6332.0, 522.0, 19.0
4818, 6768.0, 8079.0, 6162.0, 499.0, 17.0
4818, 6837.0, 8091.0, 6114.0, 501.0, 17.0
4818, 6906.0, 8482.0, 6041.0, 491.0, 18.0
4818, 6953.0, 8257.0, 6356.0, 510.0, 17.0
4818, 6975.0, 13289.0, 5946.0, 521.0, 28.0
4818, 7007.0, 9200.0, 6413.0, 525.0, 19.0
4818, 7069.0, 19683.0, 6299.0, 509.0, 42.0
4818, 7138.0, 8650.0, 6267.0, 516.0, 18.0
4818, 7157.0, 21323.0, 6312.0, 515.0, 45.0
4818, 7223.0, 8111.0, 6245.0, 509.0, 17.0
4818, 7245.0, 8233.0, 6406.0, 508.0, 17.0
4818, 7286.0, 13682.0, 5849.0, 510.0, 29.0
4818, 7357.0, 9716.0, 6417.0, 523.0, 20.0
4818, 7381.0, 16564.0, 6121.0, 516.0, 35.0
4818, 7419.0, 7519.0, 6048.0, 491.0, 16.0
4818, 7445.0, 9725.0, 5836.0, 504.0, 21.0
4818, 7485.0, 7610.0, 6185.0, 505.0, 16.0
4818, 7504.0, 10984.0, 6300.0, 511.0, 23.0
4818, 7538.0, 19090.0, 6363.0, 524.0, 40.0
4818, 7675.0, 19332.0, 6367.0, 519.0, 41.0
4818, 7720.0, 7525.0, 6115.0, 495.0, 16.0
4818, 7756.0, 9325.0, 6405.0, 509.0, 19.0
4818, 7785.0, 7691.0, 6278.0, 506.0, 16.0
4878, 4488.0, 8821.0, 6432.0, 509.0, 18.0
4992, 3216.0, 14778.0, 6891.0, 619.0, 28.0
4994, 3216.0, 12199.0, 6697.0, 548.0, 24.0
4995, 3210.0, 12903.0, 6814.0, 567.0, 25.0
4996, 3203.0, 13344.0, 6760.0, 580.0, 26.0
5022, 6944.0, 10806.0, 6439.0, 517.0, 22.0
5023, 6944.0, 13263.0, 6689.0, 571.0, 26.0
5187, 3991.0, 8320.0, 6404.0, 505.0, 17.0
5197, 4003.0, 8607.0, 6270.0, 496.0, 18.0
5352, 3582.0, 10036.0, 6553.0, 511.0, 20.0
5353, 3567.0, 17754.0, 6544.0, 529.0, 35.0
5354, 3478.0, 16849.0, 6598.0, 525.0, 33.0
5354, 3521.0, 11081.0, 6598.0, 518.0, 22.0
5354, 3544.0, 22511.0, 6622.0, 555.0, 43.0
5355, 3497.0, 41794.0, 6580.0, 577.0, 79.0
5356, 3507.0, 28651.0, 6742.0, 595.0, 53.0
5356, 3584.0, 9478.0, 6551.0, 517.0, 19.0
5357, 3499.0, 25703.0, 6518.0, 577.0, 49.0
5357, 3561.0, 22212.0, 6576.0, 546.0, 43.0
5358, 3484.0, 24416.0, 6563.0, 552.0, 47.0
5358, 3551.0, 22610.0, 6562.0, 577.0, 43.0
5359, 3469.0, 28538.0, 6534.0, 535.0, 56.0
5359, 3540.0, 21218.0, 6512.0, 554.0, 41.0
5360, 3455.0, 20078.0, 6588.0, 540.0, 39.0
5360, 3506.0, 30729.0, 6535.0, 537.0, 60.0
5361, 3438.0, 19824.0, 6539.0, 527.0, 39.0
5361, 3511.0, 20297.0, 6500.0, 523.0, 40.0
5362, 3421.0, 18362.0, 6536.0, 535.0, 36.0
5363, 3402.0, 22828.0, 6478.0, 528.0, 45.0
5364, 3388.0, 20583.0, 6557.0, 547.0, 40.0
5364, 3434.0, 18106.0, 6470.0, 523.0, 36.0
5365, 3375.0, 21438.0, 6629.0, 561.0, 41.0
5365, 3431.0, 18076.0, 6674.0, 571.0, 35.0
5365, 3479.0, 9993.0, 6536.0, 512.0, 20.0
5366, 3360.0, 21429.0, 6622.0, 554.0, 41.0
5366, 3434.0, 8958.0, 6501.0, 513.0, 18.0
5367, 3334.0, 27784.0, 6546.0, 547.0, 54.0
5368, 3330.0, 21580.0, 6591.0, 546.0, 42.0
5369, 3313.0, 21418.0, 6544.0, 528.0, 42.0
5370, 3297.0, 21123.0, 6622.0, 534.0, 41.0
5370, 3489.0, 10948.0, 6513.0, 515.0, 22.0
5371, 3232.0, 9519.0, 6571.0, 516.0, 19.0
5371, 3281.0, 19154.0, 6673.0, 539.0, 37.0
5371, 3488.0, 15049.0, 6733.0, 577.0, 29.0
5372, 3229.0, 39330.0, 6442.0, 609.0, 76.0
5372, 3492.0, 11794.0, 6471.0, 527.0, 24.0
5373, 3233.0, 31529.0, 6473.0, 635.0, 58.0
5374, 3226.0, 31854.0, 6598.0, 636.0, 58.0
5375, 3213.0, 32436.0, 6480.0, 546.0, 64.0
5376, 3201.0, 19676.0, 6599.0, 546.0, 38.0
5378, 3415.0, 10948.0, 6515.0, 518.0, 22.0
5378, 5467.0, 8346.0, 6424.0, 511.0, 17.0
5456, 6812.0, 17258.0, 6708.0, 624.0, 35.0
5457, 6812.0, 10542.0, 6353.0, 538.0, 22.0
5458, 6817.0, 11836.0, 6470.0, 544.0, 24.0
5459, 6827.0, 12044.0, 6328.0, 523.0, 25.0
5460, 6839.0, 11498.0, 6333.0, 524.0, 24.0
5461, 6849.0, 11138.0, 6354.0, 518.0, 23.0
5465, 6939.0, 9692.0, 6398.0, 508.0, 20.0
5467, 6952.0, 9210.0, 6357.0, 503.0, 19.0
5468, 6961.0, 11235.0, 6390.0, 514.0, 23.0
5469, 6974.0, 9748.0, 6375.0, 507.0, 20.0
5484, 5310.0, 15969.0, 6585.0, 588.0, 31.0
5485, 5309.0, 17850.0, 6797.0, 625.0, 33.0
5486, 5311.0, 21807.0, 6453.0, 610.0, 42.0
5487, 5316.0, 19232.0, 6630.0, 570.0, 37.0
5488, 5323.0, 14262.0, 6608.0, 561.0, 28.0
5489, 5325.0, 12528.0, 6576.0, 539.0, 25.0
5688, 3211.0, 9864.0, 6481.0, 513.0, 20.0
5689, 3209.0, 11963.0, 6530.0, 531.0, 24.0
5826, 5425.0, 8642.0, 6298.0, 503.0, 18.0
5921, 4894.0, 8853.0, 6444.0, 507.0, 18.0
5922, 4890.0, 15339.0, 6830.0, 618.0, 29.0
5923, 4890.0, 16103.0, 6853.0, 655.0, 30.0
5924, 4891.0, 15912.0, 6804.0, 628.0, 30.0
5925, 4893.0, 16132.0, 6661.0, 603.0, 31.0
5926, 4896.0, 16234.0, 6740.0, 581.0, 31.0
5927, 4901.0, 12005.0, 6537.0, 520.0, 24.0
5928, 4902.0, 9765.0, 6401.0, 505.0, 20.0
5929, 4901.0, 10237.0, 6413.0, 508.0, 21.0
5930, 4899.0, 10939.0, 6534.0, 518.0, 22.0
5931, 4893.0, 13042.0, 6559.0, 527.0, 26.0
5932, 4869.0, 22065.0, 6434.0, 525.0, 44.0
5933, 4868.0, 19064.0, 6491.0, 546.0, 38.0
5934, 4870.0, 9198.0, 6350.0, 501.0, 19.0
5935, 4867.0, 8945.0, 6522.0, 510.0, 18.0
5936, 4861.0, 10771.0, 6406.0, 511.0, 22.0
6117, 3356.0, 13516.0, 6518.0, 572.0, 27.0
6118, 3354.0, 12896.0, 6502.0, 540.0, 26.0
6320, 6381.0, 11341.0, 6497.0, 532.0, 23.0
6321, 6382.0, 9989.0, 6551.0, 520.0, 20.0
6353, 7739.0, 9396.0, 6473.0, 512.0, 19.0
6354, 7736.0, 17141.0, 6473.0, 531.0, 34.0
6355, 7787.0, 13117.0, 6549.0, 512.0, 26.0
6377, 7445.0, 337034.0, 5696.0, 456.0, 840.0
6572, 5640.0, 8766.0, 6371.0, 502.0, 18.0
6573, 5640.0, 9210.0, 6353.0, 499.0, 19.0
6601, 6248.0, 9245.0, 6376.0, 505.0, 19.0
6602, 6248.0, 9186.0, 6333.0, 503.0, 19.0
6673, 5205.0, 11458.0, 6563.0, 547.0, 23.0
6751, 6459.0, 12712.0, 6653.0, 537.0, 25.0
6752, 6457.0, 10883.0, 6507.0, 522.0, 22.0
6865, 3362.0, 9349.0, 6458.0, 507.0, 19.0
7029, 6232.0, 7812.0, 6369.0, 505.0, 16.0
7106, 4081.0, 13328.0, 6751.0, 601.0, 26.0
7107, 4078.0, 11556.0, 6655.0, 561.0, 23.0
7135, 4095.0, 9321.0, 6439.0, 518.0, 19.0
7200, 3538.0, 11887.0, 6478.0, 512.0, 24.0
7215, 3474.0, 11518.0, 6535.0, 516.0, 23.0
7215, 4280.0, 13132.0, 6627.0, 542.0, 26.0
7264, 3247.0, 15724.0, 6551.0, 544.0, 31.0
7264, 4415.0, 18074.0, 6965.0, 801.0, 32.0
7265, 3241.0, 14154.0, 6584.0, 547.0, 28.0
7265, 4419.0, 14766.0, 6740.0, 652.0, 28.0
7266, 3237.0, 13488.0, 6527.0, 534.0, 27.0
7266, 4424.0, 13335.0, 6750.0, 614.0, 26.0
7267, 3232.0, 13568.0, 6566.0, 537.0, 27.0
7267, 4428.0, 12983.0, 6879.0, 615.0, 25.0
7268, 3228.0, 12947.0, 6511.0, 530.0, 26.0
7268, 4431.0, 13360.0, 6736.0, 608.0, 26.0
7269, 3223.0, 13158.0, 6616.0, 538.0, 26.0
7269, 4435.0, 13004.0, 6884.0, 613.0, 25.0
7270, 3218.0, 13685.0, 6596.0, 538.0, 27.0
7270, 4438.0, 13499.0, 6827.0, 613.0, 26.0
7271, 3214.0, 12939.0, 6510.0, 533.0, 26.0
7271, 4442.0, 12786.0, 6776.0, 600.0, 25.0
7272, 3210.0, 12567.0, 6580.0, 532.0, 25.0
7272, 4444.0, 14146.0, 6792.0, 641.0, 27.0
7273, 3205.0, 13293.0, 6664.0, 543.0, 26.0
7273, 4448.0, 13837.0, 6952.0, 634.0, 26.0
7274, 3200.0, 13252.0, 6646.0, 543.0, 26.0
7274, 4451.0, 13650.0, 6858.0, 615.0, 26.0
7275, 4454.0, 13444.0, 6486.0, 588.0, 27.0
7276, 4458.0, 23546.0, 6827.0, 609.0, 46.0
7277, 4460.0, 24016.0, 6829.0, 637.0, 45.0
7278, 4464.0, 17627.0, 6762.0, 648.0, 33.0
7279, 4467.0, 14072.0, 6853.0, 630.0, 27.0
7280, 4471.0, 14006.0, 6805.0, 627.0, 27.0
7281, 4474.0, 13634.0, 6580.0, 606.0, 27.0
7282, 4478.0, 13942.0, 6775.0, 622.0, 27.0
7283, 4482.0, 13455.0, 6841.0, 616.0, 26.0
7284, 4486.0, 13220.0, 6709.0, 599.0, 26.0
7285, 4489.0, 13966.0, 6766.0, 627.0, 27.0
7286, 4493.0, 13333.0, 6786.0, 614.0, 26.0
7287, 4497.0, 12802.0, 6790.0, 612.0, 25.0
7288, 4500.0, 13416.0, 6807.0, 613.0, 26.0
7289, 4503.0, 13890.0, 6697.0, 611.0, 27.0
7290, 4506.0, 13930.0, 6755.0, 623.0, 27.0
7291, 4510.0, 13055.0, 6929.0, 614.0, 25.0
7292, 4513.0, 13400.0, 6794.0, 601.0, 26.0
7293, 4516.0, 13286.0, 6734.0, 600.0, 26.0
7294, 4519.0, 12728.0, 6693.0, 588.0, 25.0
7295, 4522.0, 12476.0, 6630.0, 578.0, 25.0
7296, 4525.0, 12378.0, 6587.0, 579.0, 25.0
7297, 4527.0, 13025.0, 6597.0, 588.0, 26.0
7298, 4530.0, 12404.0, 6563.0, 581.0, 25.0
7299, 4533.0, 15864.0, 6735.0, 599.0, 31.0
7300, 4534.0, 15797.0, 6764.0, 691.0, 30.0
7301, 4536.0, 14675.0, 6801.0, 664.0, 28.0
7302, 4540.0, 12769.0, 6761.0, 609.0, 25.0
7303, 4542.0, 12624.0, 6667.0, 587.0, 25.0
7304, 4543.0, 14017.0, 6781.0, 653.0, 27.0
7305, 4545.0, 13345.0, 6731.0, 602.0, 26.0
7306, 4547.0, 13159.0, 6680.0, 601.0, 26.0
7307, 4549.0, 12775.0, 6733.0, 603.0, 25.0
7307, 6855.0, 10796.0, 6491.0, 525.0, 22.0
7308, 4551.0, 12592.0, 6632.0, 584.0, 25.0
7308, 6853.0, 12981.0, 6525.0, 564.0, 26.0
7309, 4553.0, 12687.0, 6737.0, 597.0, 25.0
7309, 6855.0, 13607.0, 6563.0, 566.0, 27.0
7310, 4555.0, 12795.0, 6779.0, 594.0, 25.0
7310, 6860.0, 14337.0, 6683.0, 577.0, 28.0
7311, 4557.0, 12641.0, 6714.0, 586.0, 25.0
7311, 6864.0, 16089.0, 6608.0, 607.0, 31.0
7312, 4559.0, 12774.0, 6798.0, 595.0, 25.0
7312, 6867.0, 17575.0, 6788.0, 699.0, 32.0
7313, 4561.0, 12804.0, 6794.0, 604.0, 25.0
7313, 6873.0, 15905.0, 6580.0, 572.0, 31.0
7314, 4563.0, 12679.0, 6718.0, 593.0, 25.0
7314, 6882.0, 13606.0, 6549.0, 555.0, 27.0
7315, 4565.0, 12604.0, 6675.0, 590.0, 25.0
7315, 6888.0, 13482.0, 6510.0, 550.0, 27.0
7316, 4567.0, 12750.0, 6729.0, 594.0, 25.0
7316, 6893.0, 14225.0, 6602.0, 557.0, 28.0
7317, 4569.0, 12700.0, 6708.0, 594.0, 25.0
7317, 6898.0, 14669.0, 6531.0, 566.0, 29.0
7318, 4571.0, 13426.0, 6824.0, 610.0, 26.0
7318, 6904.0, 14858.0, 6634.0, 569.0, 29.0
7319, 4573.0, 13108.0, 6655.0, 596.0, 26.0
7319, 6910.0, 14030.0, 6504.0, 549.0, 28.0
7320, 4575.0, 13112.0, 6643.0, 593.0, 26.0
7320, 6916.0, 14032.0, 6494.0, 550.0, 28.0
7321, 4577.0, 13257.0, 6749.0, 611.0, 26.0
7321, 6922.0, 14074.0, 6545.0, 555.0, 28.0
7322, 4579.0, 13019.0, 6569.0, 595.0, 26.0
7322, 6927.0, 14885.0, 6391.0, 552.0, 30.0
7323, 4581.0, 13234.0, 6654.0, 616.0, 26.0
7323, 6933.0, 15305.0, 6548.0, 591.0, 30.0
7324, 4584.0, 12466.0, 6571.0, 583.0, 25.0
7324, 6938.0, 14463.0, 6425.0, 556.0, 29.0
7325, 4587.0, 12593.0, 6676.0, 586.0, 25.0
7325, 6946.0, 13490.0, 6550.0, 551.0, 27.0
7326, 4577.0, 19880.0, 6513.0, 611.0, 38.0
7326, 6951.0, 14163.0, 6555.0, 572.0, 28.0
7327, 4571.0, 24075.0, 6682.0, 638.0, 46.0
7327, 6956.0, 14681.0, 6585.0, 557.0, 29.0
7328, 4574.0, 23716.0, 6604.0, 627.0, 46.0
7328, 6963.0, 13950.0, 6747.0, 568.0, 27.0
7329, 4597.0, 13121.0, 6933.0, 612.0, 25.0
7329, 6969.0, 13974.0, 6762.0, 565.0, 27.0
7330, 4599.0, 14371.0, 6954.0, 649.0, 27.0
7330, 6974.0, 13944.0, 6711.0, 563.0, 27.0
7331, 4601.0, 14746.0, 6800.0, 666.0, 28.0
7331, 6980.0, 14123.0, 6580.0, 555.0, 28.0
7332, 4604.0, 14154.0, 6858.0, 631.0, 27.0
7332, 6985.0, 14348.0, 6659.0, 565.0, 28.0
7333, 4607.0, 13362.0, 6779.0, 598.0, 26.0
7333, 6991.0, 13784.0, 6672.0, 560.0, 27.0
7334, 4610.0, 13021.0, 6875.0, 595.0, 25.0
7334, 6997.0, 14037.0, 6797.0, 568.0, 27.0
7335, 4612.0, 13560.0, 6827.0, 606.0, 26.0
7335, 7001.0, 14929.0, 6658.0, 565.0, 29.0
7336, 4615.0, 12897.0, 6807.0, 598.0, 25.0
7336, 7007.0, 14803.0, 6599.0, 560.0, 29.0
7337, 4617.0, 13420.0, 6736.0, 596.0, 26.0
7337, 7013.0, 14377.0, 6662.0, 564.0, 28.0
7338, 4620.0, 13512.0, 6809.0, 606.0, 26.0
7338, 7019.0, 14377.0, 6705.0, 567.0, 28.0
7339, 4623.0, 12938.0, 6803.0, 596.0, 25.0
7339, 7024.0, 14474.0, 6696.0, 573.0, 28.0
7340, 4626.0, 12627.0, 6667.0, 580.0, 25.0
7340, 7029.0, 14756.0, 6625.0, 571.0, 29.0
7341, 4629.0, 12726.0, 6756.0, 596.0, 25.0
7341, 7035.0, 14165.0, 6566.0, 557.0, 28.0
7342, 4631.0, 13275.0, 6672.0, 589.0, 26.0
7342, 7040.0, 14779.0, 6563.0, 564.0, 29.0
7343, 4634.0, 12886.0, 6761.0, 589.0, 25.0
7343, 7047.0, 14434.0, 6721.0, 569.0, 28.0
7344, 4637.0, 12935.0, 6824.0, 590.0, 25.0
7344, 7052.0, 14994.0, 6719.0, 565.0, 29.0
7345, 4640.0, 13080.0, 6902.0, 596.0, 25.0
7345, 7058.0, 15248.0, 6783.0, 576.0, 29.0
7346, 4643.0, 13259.0, 7013.0, 607.0, 25.0
7346, 7063.0, 15434.0, 6853.0, 591.0, 29.0
7347, 4646.0, 13132.0, 6975.0, 608.0, 25.0
7347, 7069.0, 14558.0, 6717.0, 569.0, 28.0
7348, 4648.0, 13907.0, 7066.0, 639.0, 26.0
7348, 7075.0, 14692.0, 6832.0, 573.0, 28.0
7349, 4651.0, 13133.0, 6934.0, 606.0, 25.0
7349, 7081.0, 14559.0, 6800.0, 571.0, 28.0
7350, 4653.0, 13583.0, 6826.0, 606.0, 26.0
7350, 7087.0, 14025.0, 6773.0, 568.0, 27.0
7351, 4657.0, 13174.0, 6982.0, 603.0, 25.0
7351, 7093.0, 14167.0, 6887.0, 576.0, 27.0
7352, 4659.0, 13554.0, 6866.0, 607.0, 26.0
7352, 7098.0, 14445.0, 6721.0, 565.0, 28.0
7353, 4661.0, 14069.0, 6821.0, 607.0, 27.0
7353, 7103.0, 15607.0, 6710.0, 578.0, 30.0
7354, 4664.0, 13390.0, 6791.0, 600.0, 26.0
7354, 7108.0, 15776.0, 6704.0, 608.0, 30.0
7355, 4667.0, 12785.0, 6728.0, 591.0, 25.0
7355, 7113.0, 15103.0, 6727.0, 587.0, 29.0
7356, 4669.0, 13596.0, 6885.0, 627.0, 26.0
7356, 7119.0, 14439.0, 6682.0, 567.0, 28.0
7357, 4671.0, 13448.0, 6780.0, 594.0, 26.0
7357, 7126.0, 15052.0, 6751.0, 572.0, 29.0
7358, 4673.0, 13682.0, 6877.0, 603.0, 26.0
7358, 7131.0, 14922.0, 6940.0, 603.0, 28.0
7359, 4676.0, 12724.0, 6735.0, 580.0, 25.0
7359, 7136.0, 14779.0, 6595.0, 565.0, 29.0
7360, 4678.0, 12401.0, 6540.0, 567.0, 25.0
7360, 7142.0, 13967.0, 6490.0, 555.0, 28.0
7361, 4680.0, 12554.0, 6626.0, 580.0, 25.0
7361, 7148.0, 13528.0, 6548.0, 549.0, 27.0
7362, 4683.0, 12260.0, 6776.0, 584.0, 24.0
7362, 7153.0, 14269.0, 6634.0, 558.0, 28.0
7363, 4685.0, 12591.0, 6657.0, 579.0, 25.0
7363, 7158.0, 14565.0, 6496.0, 556.0, 29.0
7364, 4687.0, 12490.0, 6577.0, 586.0, 25.0
7364, 7164.0, 13777.0, 6410.0, 538.0, 28.0
7365, 4689.0, 13095.0, 6608.0, 590.0, 26.0
7365, 7170.0, 13484.0, 6512.0, 548.0, 27.0
7366, 4691.0, 12946.0, 6540.0, 576.0, 26.0
7366, 7176.0, 13382.0, 6499.0, 543.0, 27.0
7367, 4694.0, 13216.0, 6730.0, 604.0, 26.0
7367, 7181.0, 13467.0, 6510.0, 544.0, 27.0
7368, 4696.0, 12062.0, 6352.0, 560.0, 25.0
7368, 7186.0, 12954.0, 6241.0, 529.0, 27.0
7369, 4699.0, 12731.0, 6738.0, 600.0, 25.0
7369, 7192.0, 14131.0, 6565.0, 563.0, 28.0
7370, 4701.0, 12306.0, 6498.0, 567.0, 25.0
7370, 7196.0, 14328.0, 6415.0, 551.0, 29.0
7371, 4704.0, 12271.0, 6506.0, 564.0, 25.0
7371, 7203.0, 13204.0, 6378.0, 534.0, 27.0
7372, 4707.0, 11855.0, 6589.0, 567.0, 24.0
7372, 7208.0, 13857.0, 6415.0, 548.0, 28.0
7373, 4709.0, 12303.0, 6514.0, 561.0, 25.0
7373, 7214.0, 13416.0, 6502.0, 550.0, 27.0
7374, 4711.0, 12665.0, 6666.0, 584.0, 25.0
7374, 7219.0, 13655.0, 6611.0, 558.0, 27.0
7375, 4714.0, 12504.0, 6601.0, 572.0, 25.0
7375, 7224.0, 13960.0, 6457.0, 546.0, 28.0
7376, 4716.0, 13272.0, 6679.0, 596.0, 26.0
7376, 7230.0, 14842.0, 6628.0, 571.0, 29.0
7377, 4718.0, 13818.0, 6658.0, 593.0, 27.0
7377, 7233.0, 16455.0, 6732.0, 630.0, 31.0
7378, 4721.0, 13201.0, 6616.0, 595.0, 26.0
7378, 7236.0, 16653.0, 6402.0, 557.0, 33.0
7379, 4723.0, 13942.0, 6706.0, 626.0, 27.0
7379, 7246.0, 14042.0, 6487.0, 555.0, 28.0
7380, 4725.0, 15548.0, 6910.0, 671.0, 29.0
7380, 7252.0, 14396.0, 6670.0, 569.0, 28.0
7381, 4727.0, 14365.0, 6600.0, 613.0, 28.0
7381, 7257.0, 14175.0, 6596.0, 572.0, 28.0
7382, 4732.0, 13053.0, 6592.0, 577.0, 26.0
7382, 7263.0, 14101.0, 6564.0, 559.0, 28.0
7383, 4735.0, 12716.0, 6724.0, 581.0, 25.0
7383, 7146.0, 8803.0, 6412.0, 506.0, 18.0
7383, 7269.0, 13683.0, 6629.0, 559.0, 27.0
7384, 4738.0, 12891.0, 6840.0, 595.0, 25.0
7384, 7274.0, 14376.0, 6682.0, 568.0, 28.0
7385, 4740.0, 13104.0, 6597.0, 580.0, 26.0
7385, 7279.0, 14649.0, 6512.0, 568.0, 29.0
7386, 4743.0, 12629.0, 6668.0, 583.0, 25.0
7386, 7282.0, 15528.0, 6613.0, 603.0, 30.0
7387, 4746.0, 13102.0, 6684.0, 587.0, 26.0
7387, 7284.0, 18670.0, 6506.0, 659.0, 35.0
7388, 4749.0, 13005.0, 6616.0, 581.0, 26.0
7388, 7286.0, 19859.0, 6424.0, 598.0, 38.0
7389, 4752.0, 13149.0, 6674.0, 585.0, 26.0
7389, 7285.0, 22588.0, 6425.0, 562.0, 45.0
7390, 4755.0, 13113.0, 6673.0, 583.0, 26.0
7390, 7285.0, 24784.0, 6398.0, 556.0, 50.0
7391, 4757.0, 13194.0, 6635.0, 590.0, 26.0
7391, 7282.0, 11857.0, 6487.0, 526.0, 24.0
7391, 7312.0, 14673.0, 6540.0, 561.0, 29.0
7392, 4760.0, 13251.0, 6706.0, 592.0, 26.0
7392, 7273.0, 14517.0, 6493.0, 534.0, 29.0
7392, 7315.0, 15462.0, 6656.0, 579.0, 30.0
7393, 4763.0, 13545.0, 6863.0, 614.0, 26.0
7393, 7275.0, 10505.0, 6574.0, 525.0, 21.0
7393, 7322.0, 14957.0, 6691.0, 562.0, 29.0
7394, 4766.0, 13149.0, 6925.0, 606.0, 25.0
7394, 7329.0, 14567.0, 6769.0, 570.0, 28.0
7395, 4769.0, 13580.0, 6876.0, 626.0, 26.0
7395, 7335.0, 14294.0, 6654.0, 562.0, 28.0
7396, 4772.0, 13996.0, 6822.0, 604.0, 27.0
7396, 7340.0, 14357.0, 6671.0, 568.0, 28.0
7397, 4775.0, 14219.0, 6904.0, 643.0, 27.0
7397, 7346.0, 13776.0, 6681.0, 560.0, 27.0
7398, 4778.0, 13411.0, 6798.0, 610.0, 26.0
7398, 7351.0, 14219.0, 6604.0, 561.0, 28.0
7399, 4781.0, 13230.0, 6698.0, 591.0, 26.0
7399, 7356.0, 15444.0, 6643.0, 598.0, 30.0
7400, 4784.0, 12579.0, 6643.0, 583.0, 25.0
7400, 7361.0, 14639.0, 6541.0, 561.0, 29.0
7401, 4787.0, 12640.0, 6727.0, 585.0, 25.0
7401, 7366.0, 15914.0, 6527.0, 591.0, 31.0
7402, 4789.0, 12873.0, 6529.0, 574.0, 26.0
7402, 7371.0, 15570.0, 6441.0, 572.0, 31.0
7403, 4791.0, 13142.0, 6618.0, 593.0, 26.0
7403, 7377.0, 17871.0, 6502.0, 561.0, 35.0
7404, 4794.0, 13439.0, 6794.0, 600.0, 26.0
7404, 7383.0, 16374.0, 6731.0, 614.0, 31.0
7405, 4796.0, 13165.0, 6624.0, 594.0, 26.0
7405, 7387.0, 15355.0, 6545.0, 589.0, 30.0
7406, 4799.0, 13343.0, 6748.0, 596.0, 26.0
7406, 7394.0, 15022.0, 6690.0, 581.0, 29.0
7407, 4801.0, 14558.0, 6727.0, 627.0, 28.0
7407, 7398.0, 15537.0, 6638.0, 588.0, 30.0
7408, 4803.0, 13644.0, 6576.0, 605.0, 27.0
7408, 7405.0, 13880.0, 6459.0, 544.0, 28.0
7409, 4806.0, 13096.0, 6599.0, 583.0, 26.0
7409, 7411.0, 14029.0, 6540.0, 550.0, 28.0
7410, 4808.0, 13199.0, 6638.0, 590.0, 26.0
7410, 7416.0, 24013.0, 6550.0, 552.0, 48.0
7411, 4810.0, 13339.0, 6709.0, 598.0, 26.0
7411, 7421.0, 22080.0, 6576.0, 565.0, 43.0
7412, 4813.0, 12795.0, 6771.0, 588.0, 25.0
7412, 7427.0, 19023.0, 6689.0, 608.0, 36.0
7413, 4815.0, 12599.0, 6682.0, 581.0, 25.0
7413, 7431.0, 16837.0, 6625.0, 639.0, 32.0
7414, 4817.0, 13320.0, 6771.0, 598.0, 26.0
7414, 7435.0, 16582.0, 6761.0, 652.0, 31.0
7415, 4818.0, 13908.0, 6740.0, 622.0, 27.0
7415, 7441.0, 14717.0, 6574.0, 554.0, 29.0
7416, 4820.0, 13977.0, 6722.0, 604.0, 27.0
7416, 7449.0, 15018.0, 6689.0, 582.0, 29.0
7417, 4822.0, 14205.0, 6812.0, 632.0, 27.0
7417, 7453.0, 16680.0, 6883.0, 646.0, 31.0
7418, 4824.0, 14874.0, 6775.0, 675.0, 28.0
7418, 7456.0, 16743.0, 6606.0, 619.0, 32.0
7419, 4826.0, 14605.0, 6764.0, 630.0, 28.0
7419, 7465.0, 14938.0, 6699.0, 571.0, 29.0
7420, 4828.0, 14281.0, 6842.0, 632.0, 27.0
7420, 7469.0, 16968.0, 6884.0, 676.0, 31.0
7421, 4832.0, 13006.0, 6889.0, 603.0, 25.0
7421, 7472.0, 18800.0, 6696.0, 628.0, 35.0
7422, 4834.0, 12909.0, 6833.0, 601.0, 25.0
7422, 7480.0, 16554.0, 6772.0, 634.0, 31.0
7423, 4835.0, 14204.0, 6825.0, 639.0, 27.0
7423, 7485.0, 14997.0, 6664.0, 580.0, 29.0
7424, 4837.0, 14113.0, 6836.0, 619.0, 27.0
7424, 7492.0, 14304.0, 6665.0, 561.0, 28.0
7426, 4842.0, 12840.0, 6782.0, 586.0, 25.0
7426, 7503.0, 14279.0, 6641.0, 563.0, 28.0
7427, 4843.0, 13348.0, 6723.0, 590.0, 26.0
7427, 7508.0, 14355.0, 6644.0, 566.0, 28.0
7428, 4845.0, 13038.0, 6587.0, 569.0, 26.0
7428, 7514.0, 14089.0, 6560.0, 555.0, 28.0
7429, 4847.0, 12763.0, 6677.0, 582.0, 25.0
7429, 7519.0, 14386.0, 6671.0, 567.0, 28.0
7430, 4849.0, 13231.0, 6704.0, 586.0, 26.0
7430, 7524.0, 14693.0, 6556.0, 557.0, 29.0
7431, 4851.0, 12614.0, 6677.0, 577.0, 25.0
7431, 7530.0, 14158.0, 6580.0, 558.0, 28.0
7432, 4852.0, 13443.0, 6767.0, 596.0, 26.0
7432, 7535.0, 14417.0, 6696.0, 564.0, 28.0
7433, 4854.0, 13474.0, 6796.0, 601.0, 26.0
7433, 7541.0, 14368.0, 6698.0, 560.0, 28.0
7434, 4856.0, 13291.0, 6734.0, 593.0, 26.0
7434, 7546.0, 14293.0, 6648.0, 561.0, 28.0
7435, 4858.0, 13593.0, 6898.0, 609.0, 26.0
7435, 7551.0, 14996.0, 6686.0, 568.0, 29.0
7436, 4860.0, 13492.0, 6843.0, 601.0, 26.0
7436, 7557.0, 13865.0, 6698.0, 563.0, 27.0
7437, 4861.0, 13431.0, 6763.0, 610.0, 26.0
7437, 7562.0, 14249.0, 6620.0, 556.0, 28.0
7438, 4863.0, 12870.0, 6790.0, 598.0, 25.0
7438, 7567.0, 14257.0, 6600.0, 559.0, 28.0
7439, 4865.0, 12891.0, 6835.0, 594.0, 25.0
7439, 7573.0, 14335.0, 6685.0, 560.0, 28.0
7440, 4866.0, 13398.0, 6739.0, 605.0, 26.0
7440, 7578.0, 14220.0, 6588.0, 559.0, 28.0
7441, 4868.0, 13036.0, 6918.0, 602.0, 25.0
7441, 7583.0, 16744.0, 6870.0, 643.0, 31.0
7442, 4869.0, 12986.0, 6558.0, 574.0, 26.0
7442, 7586.0, 16791.0, 6642.0, 636.0, 32.0
7443, 4871.0, 12629.0, 6649.0, 578.0, 25.0
7443, 7595.0, 13681.0, 6632.0, 554.0, 27.0
7444, 4873.0, 12712.0, 6739.0, 586.0, 25.0
7444, 7600.0, 14152.0, 6567.0, 552.0, 28.0
7445, 4874.0, 12583.0, 6647.0, 581.0, 25.0
7445, 7605.0, 14037.0, 6511.0, 554.0, 28.0
7446, 4875.0, 13534.0, 6797.0, 624.0, 26.0
7446, 7610.0, 14728.0, 6578.0, 556.0, 29.0
7447, 4876.0, 16090.0, 6862.0, 667.0, 30.0
7447, 7616.0, 14242.0, 6604.0, 558.0, 28.0
7448, 4877.0, 15865.0, 6987.0, 720.0, 29.0
7448, 7621.0, 14244.0, 6586.0, 558.0, 28.0
7449, 4878.0, 14120.0, 6788.0, 625.0, 27.0
7449, 7627.0, 14378.0, 6708.0, 564.0, 28.0
7450, 4881.0, 12835.0, 6739.0, 580.0, 25.0
7450, 7632.0, 14438.0, 6693.0, 568.0, 28.0
7451, 4882.0, 13508.0, 6814.0, 611.0, 26.0
7451, 7638.0, 13899.0, 6736.0, 564.0, 27.0
7452, 4884.0, 12572.0, 6641.0, 567.0, 25.0
7452, 7643.0, 14100.0, 6569.0, 553.0, 28.0
7453, 4885.0, 13482.0, 6813.0, 606.0, 26.0
7453, 7648.0, 14914.0, 6661.0, 567.0, 29.0
7454, 4886.0, 13336.0, 6729.0, 585.0, 26.0
7454, 7653.0, 14917.0, 6647.0, 566.0, 29.0
7455, 4888.0, 12631.0, 6629.0, 572.0, 25.0
7455, 7659.0, 14756.0, 6595.0, 562.0, 29.0
7456, 4890.0, 12347.0, 6527.0, 568.0, 25.0
7456, 7664.0, 14384.0, 6433.0, 556.0, 29.0
7457, 4892.0, 12166.0, 6702.0, 571.0, 24.0
7457, 7670.0, 14202.0, 6586.0, 551.0, 28.0
7458, 4893.0, 12439.0, 6545.0, 564.0, 25.0
7458, 7676.0, 13947.0, 6501.0, 544.0, 28.0
7459, 4895.0, 12395.0, 6585.0, 567.0, 25.0
7459, 7681.0, 13828.0, 6418.0, 540.0, 28.0
7460, 4896.0, 12636.0, 6666.0, 579.0, 25.0
7460, 7686.0, 14593.0, 6517.0, 554.0, 29.0
7461, 4897.0, 12916.0, 6503.0, 565.0, 26.0
7461, 7692.0, 14075.0, 6520.0, 563.0, 28.0
7462, 4898.0, 13587.0, 6555.0, 591.0, 27.0
7462, 7697.0, 13937.0, 6471.0, 549.0, 28.0
7463, 4899.0, 14608.0, 6753.0, 652.0, 28.0
7463, 7703.0, 14679.0, 6546.0, 565.0, 29.0
7464, 4901.0, 13118.0, 6563.0, 564.0, 26.0
7464, 7707.0, 15411.0, 6633.0, 581.0, 30.0
7465, 4903.0, 12660.0, 6625.0, 570.0, 25.0
7465, 7713.0, 14738.0, 6572.0, 555.0, 29.0
7466, 4905.0, 12724.0, 6718.0, 577.0, 25.0
7466, 5258.0, 9326.0, 6454.0, 518.0, 19.0
7466, 7719.0, 15461.0, 6651.0, 573.0, 30.0
7467, 4906.0, 12506.0, 6570.0, 565.0, 25.0
7467, 7724.0, 14635.0, 6568.0, 558.0, 29.0
7468, 4907.0, 13123.0, 6599.0, 570.0, 26.0
7468, 7730.0, 14279.0, 6647.0, 563.0, 28.0
7469, 4909.0, 12812.0, 6747.0, 577.0, 25.0
7469, 7735.0, 14404.0, 6688.0, 561.0, 28.0
7470, 4910.0, 13008.0, 6543.0, 568.0, 26.0
7470, 7741.0, 14073.0, 6514.0, 551.0, 28.0
7471, 4912.0, 12642.0, 6675.0, 573.0, 25.0
7471, 7746.0, 14242.0, 6595.0, 556.0, 28.0
7472, 4913.0, 12667.0, 6670.0, 578.0, 25.0
7472, 7751.0, 14179.0, 6551.0, 558.0, 28.0
7473, 4914.0, 13350.0, 6692.0, 591.0, 26.0
7473, 7757.0, 14838.0, 6648.0, 564.0, 29.0
7474, 4916.0, 12835.0, 6763.0, 579.0, 25.0
7474, 7762.0, 14485.0, 6715.0, 573.0, 28.0
7475, 4917.0, 13234.0, 6678.0, 576.0, 26.0
7475, 7744.0, 26768.0, 6562.0, 560.0, 52.0
7476, 4918.0, 13035.0, 6549.0, 567.0, 26.0
7476, 7736.0, 35385.0, 6553.0, 583.0, 66.0
7477, 4920.0, 12536.0, 6597.0, 566.0, 25.0
7477, 7736.0, 38409.0, 6658.0, 586.0, 71.0
7478, 4921.0, 12555.0, 6569.0, 568.0, 25.0
7478, 7759.0, 30498.0, 6489.0, 647.0, 55.0
7479, 4922.0, 13216.0, 6639.0, 569.0, 26.0
7479, 7771.0, 27905.0, 6797.0, 692.0, 48.0
7480, 4924.0, 12507.0, 6571.0, 566.0, 25.0
7480, 7774.0, 26357.0, 6482.0, 648.0, 50.0
7481, 4925.0, 13165.0, 6622.0, 578.0, 26.0
7481, 7797.0, 15932.0, 6561.0, 569.0, 31.0
7482, 4926.0, 13319.0, 6680.0, 592.0, 26.0
7483, 4927.0, 14109.0, 6800.0, 606.0, 27.0
7484, 4929.0, 12693.0, 6680.0, 570.0, 25.0
7485, 4930.0, 12737.0, 6707.0, 573.0, 25.0
7486, 4931.0, 14015.0, 6774.0, 605.0, 27.0
7487, 4932.0, 13792.0, 6639.0, 585.0, 27.0
7504, 4958.0, 13177.0, 6651.0, 567.0, 26.0
7505, 4959.0, 13522.0, 6769.0, 589.0, 26.0
7506, 4961.0, 13579.0, 6830.0, 600.0, 26.0
7507, 4962.0, 13780.0, 6660.0, 583.0, 27.0
7508, 4964.0, 13353.0, 6738.0, 575.0, 26.0
7509, 4965.0, 13323.0, 6686.0, 574.0, 26.0
7510, 4966.0, 14247.0, 6848.0, 613.0, 27.0
7511, 4967.0, 14060.0, 6726.0, 597.0, 27.0
7512, 4969.0, 13132.0, 6613.0, 568.0, 26.0
7513, 4971.0, 13550.0, 6839.0, 584.0, 26.0
7514, 4972.0, 13072.0, 6582.0, 567.0, 26.0
7515, 4973.0, 13280.0, 6655.0, 582.0, 26.0
7516, 4974.0, 14119.0, 6778.0, 602.0, 27.0
7517, 4976.0, 16908.0, 6810.0, 600.0, 32.0
7518, 4977.0, 15129.0, 7013.0, 642.0, 28.0
7519, 4978.0, 13425.0, 6734.0, 602.0, 26.0
7520, 4979.0, 13632.0, 6509.0, 568.0, 27.0
7521, 4982.0, 13130.0, 6617.0, 567.0, 26.0
7522, 4983.0, 12932.0, 6501.0, 558.0, 26.0
7523, 4985.0, 13240.0, 6652.0, 576.0, 26.0
7524, 4986.0, 13126.0, 6591.0, 569.0, 26.0
7525, 4987.0, 13552.0, 6493.0, 567.0, 27.0
7526, 4989.0, 13232.0, 6653.0, 575.0, 26.0
7527, 4990.0, 13139.0, 6569.0, 575.0, 26.0
7528, 4992.0, 13161.0, 6630.0, 570.0, 26.0
7529, 4993.0, 13784.0, 6641.0, 580.0, 27.0
7530, 4995.0, 12754.0, 6702.0, 577.0, 25.0
7531, 4996.0, 13431.0, 6758.0, 582.0, 26.0
7532, 4997.0, 13914.0, 6704.0, 590.0, 27.0
7533, 4998.0, 14232.0, 6542.0, 578.0, 28.0
7534, 4999.0, 22340.0, 6526.0, 614.0, 42.0
7535, 5001.0, 18507.0, 6696.0, 633.0, 35.0
7552, 5023.0, 16956.0, 6661.0, 651.0, 32.0
7553, 5024.0, 16457.0, 6578.0, 583.0, 32.0
7554, 5026.0, 15392.0, 6602.0, 595.0, 30.0
7555, 5027.0, 16821.0, 6682.0, 618.0, 32.0
7556, 5029.0, 12775.0, 6720.0, 593.0, 25.0
7557, 5030.0, 13283.0, 6714.0, 588.0, 26.0
7558, 5031.0, 13240.0, 6620.0, 585.0, 26.0
7559, 5033.0, 13433.0, 6827.0, 603.0, 26.0
7560, 5034.0, 13233.0, 6659.0, 585.0, 26.0
7561, 5035.0, 13193.0, 6639.0, 583.0, 26.0
7562, 5037.0, 12623.0, 6666.0, 573.0, 25.0
7563, 5038.0, 12624.0, 6669.0, 582.0, 25.0
7564, 5038.0, 13907.0, 6688.0, 592.0, 27.0
7565, 5039.0, 14501.0, 6709.0, 633.0, 28.0
7566, 5040.0, 13617.0, 6847.0, 615.0, 26.0
7567, 5042.0, 12832.0, 6748.0, 584.0, 25.0
7568, 5043.0, 13263.0, 6684.0, 580.0, 26.0
7569, 5044.0, 13110.0, 6630.0, 582.0, 26.0
7570, 5045.0, 13178.0, 6655.0, 585.0, 26.0
7571, 5046.0, 13003.0, 6843.0, 590.0, 25.0
7572, 5047.0, 12541.0, 6624.0, 570.0, 25.0
7573, 5047.0, 13592.0, 6858.0, 630.0, 26.0
7574, 5047.0, 14007.0, 6740.0, 623.0, 27.0
7575, 5049.0, 12804.0, 6726.0, 583.0, 25.0
7576, 5050.0, 13337.0, 6730.0, 609.0, 26.0
7577, 5051.0, 13131.0, 6678.0, 588.0, 26.0
7578, 5052.0, 13470.0, 6857.0, 619.0, 26.0
7579, 5053.0, 12664.0, 6673.0, 590.0, 25.0
7580, 5054.0, 12425.0, 6562.0, 571.0, 25.0
7581, 5055.0, 12545.0, 6591.0, 575.0, 25.0
7582, 5056.0, 12935.0, 6538.0, 581.0, 26.0
7583, 5056.0, 14735.0, 6801.0, 685.0, 28.0
7584, 5057.0, 14182.0, 6570.0, 610.0, 28.0
7585, 5060.0, 12606.0, 6689.0, 572.0, 25.0
7586, 5061.0, 12757.0, 6774.0, 579.0, 25.0
7587, 5061.0, 13080.0, 6601.0, 593.0, 26.0
7588, 5061.0, 14255.0, 6570.0, 598.0, 28.0
7589, 5063.0, 14523.0, 6704.0, 620.0, 28.0
7590, 5066.0, 12473.0, 6541.0, 553.0, 25.0
7590, 5960.0, 9730.0, 6388.0, 507.0, 20.0
7674, 7597.0, 11411.0, 6559.0, 542.0, 23.0
7798, 3548.0, 10144.0, 6313.0, 500.0, 21.0
7799, 3547.0, 17979.0, 6781.0, 622.0, 34.0
7800, 3555.0, 22023.0, 6601.0, 621.0, 41.0
7801, 3568.0, 22129.0, 6713.0, 603.0, 41.0
7802, 3583.0, 19811.0, 6524.0, 589.0, 38.0
7803, 3596.0, 25001.0, 6603.0, 612.0, 46.0
7804, 3610.0, 21857.0, 6675.0, 705.0, 39.0
7805, 3620.0, 23852.0, 6500.0, 600.0, 45.0
7806, 3639.0, 21068.0, 6527.0, 605.0, 40.0
7807, 3651.0, 21610.0, 6599.0, 618.0, 40.0
7808, 3665.0, 20667.0, 6637.0, 587.0, 39.0
7809, 3680.0, 21314.0, 6809.0, 612.0, 39.0
7810, 3694.0, 22760.0, 6726.0, 607.0, 42.0
7811, 3708.0, 21999.0, 6786.0, 620.0, 40.0
7812, 3713.0, 27461.0, 6741.0, 601.0, 50.0
7813, 3737.0, 21720.0, 6782.0, 608.0, 40.0
7814, 3751.0, 21707.0, 6600.0, 591.0, 41.0
7815, 3765.0, 22123.0, 6659.0, 604.0, 41.0
7816, 3779.0, 23512.0, 6735.0, 615.0, 43.0
7817, 3793.0, 24224.0, 6715.0, 629.0, 44.0
7818, 3808.0, 23336.0, 6691.0, 621.0, 43.0
7819, 3824.0, 22452.0, 6596.0, 602.0, 42.0
7820, 3839.0, 23341.0, 6735.0, 602.0, 43.0
7821, 3854.0, 24436.0, 6719.0, 607.0, 45.0
7822, 3869.0, 22993.0, 6603.0, 600.0, 43.0
7823, 3885.0, 23207.0, 6656.0, 604.0, 43.0
7824, 3902.0, 22606.0, 6694.0, 599.0, 42.0
7825, 3916.0, 26117.0, 6512.0, 621.0, 48.0
7826, 3932.0, 25493.0, 6664.0, 631.0, 46.0
7826, 4046.0, 10863.0, 6507.0, 526.0, 22.0
7827, 3948.0, 24075.0, 6612.0, 591.0, 45.0
7828, 3966.0, 22352.0, 6632.0, 593.0, 42.0
7829, 3982.0, 23708.0, 6676.0, 601.0, 44.0
7830, 3997.0, 23173.0, 6634.0, 608.0, 43.0
7831, 4013.0, 22227.0, 6599.0, 583.0, 42.0
7832, 4029.0, 22901.0, 6737.0, 609.0, 42.0
7833, 4043.0, 22845.0, 6761.0, 599.0, 42.0
7834, 4059.0, 23523.0, 6796.0, 602.0, 43.0
7835, 4074.0, 23158.0, 6816.0, 617.0, 42.0
7836, 4088.0, 23426.0, 6746.0, 604.0, 43.0
7837, 4103.0, 23339.0, 6725.0, 604.0, 43.0
7838, 4117.0, 23714.0, 6677.0, 601.0, 44.0
7838, 4177.0, 13233.0, 6641.0, 547.0, 26.0
7839, 4133.0, 23082.0, 6827.0, 609.0, 42.0
7839, 4176.0, 12981.0, 6794.0, 560.0, 25.0
7840, 4147.0, 29577.0, 6603.0, 583.0, 56.0
7841, 4162.0, 25746.0, 6639.0, 617.0, 47.0
7842, 4175.0, 24330.0, 6556.0, 682.0, 44.0
7843, 4187.0, 26505.0, 6612.0, 604.0, 49.0
7844, 4205.0, 24726.0, 6501.0, 583.0, 47.0
7845, 4221.0, 21786.0, 6607.0, 589.0, 41.0
7846, 4236.0, 21749.0, 6611.0, 595.0, 41.0
7847, 4249.0, 23638.0, 6631.0, 614.0, 44.0
7848, 4257.0, 25102.0, 6507.0, 620.0, 47.0
7849, 4255.0, 33243.0, 6669.0, 592.0, 62.0
7850, 4262.0, 35132.0, 6493.0, 573.0, 68.0
7851, 4270.0, 38504.0, 6442.0, 612.0, 73.0
7852, 4296.0, 35117.0, 6457.0, 638.0, 64.0
7853, 4317.0, 27750.0, 6535.0, 649.0, 51.0
7854, 3725.0, 10950.0, 6542.0, 518.0, 22.0
7854, 4342.0, 21318.0, 6660.0, 589.0, 40.0
7855, 4355.0, 20686.0, 6625.0, 601.0, 39.0
7856, 4368.0, 21970.0, 6690.0, 598.0, 41.0
7857, 4380.0, 22561.0, 6642.0, 600.0, 42.0
7858, 4393.0, 21422.0, 6648.0, 601.0, 40.0
7859, 4406.0, 22441.0, 6641.0, 591.0, 42.0
7860, 4420.0, 20742.0, 6665.0, 593.0, 39.0
7861, 4432.0, 21348.0, 6632.0, 605.0, 40.0
7862, 4443.0, 24414.0, 6655.0, 661.0, 44.0
7863, 4451.0, 24630.0, 6756.0, 651.0, 44.0
7864, 4453.0, 28861.0, 6617.0, 587.0, 55.0
7865, 4454.0, 11052.0, 6597.0, 525.0, 22.0
7865, 4482.0, 20324.0, 6741.0, 599.0, 38.0
7866, 4379.0, 15537.0, 6723.0, 546.0, 30.0
7866, 4455.0, 11110.0, 6647.0, 532.0, 22.0
7866, 4493.0, 20390.0, 6751.0, 594.0, 38.0
7867, 4376.0, 16657.0, 6685.0, 591.0, 32.0
7867, 4456.0, 13589.0, 6573.0, 545.0, 27.0
7867, 4505.0, 20579.0, 6585.0, 592.0, 39.0
7868, 4383.0, 11453.0, 6550.0, 519.0, 23.0
7868, 4458.0, 11934.0, 6556.0, 530.0, 24.0
7868, 4516.0, 20464.0, 6641.0, 626.0, 38.0
7869, 4501.0, 33735.0, 6395.0, 595.0, 65.0
7870, 4500.0, 40552.0, 6771.0, 599.0, 76.0
7871, 4550.0, 20284.0, 6693.0, 599.0, 38.0
7871, 6210.0, 8074.0, 6102.0, 495.0, 17.0
7872, 4561.0, 19852.0, 6533.0, 586.0, 38.0
7872, 6210.0, 8446.0, 6021.0, 488.0, 18.0
7873, 4572.0, 19333.0, 6556.0, 586.0, 37.0
7873, 6211.0, 7418.0, 5989.0, 478.0, 16.0
7874, 4584.0, 18641.0, 6547.0, 576.0, 36.0
7875, 4594.0, 19389.0, 6529.0, 596.0, 37.0
7876, 4603.0, 19669.0, 6424.0, 585.0, 38.0
7877, 4616.0, 19060.0, 6467.0, 576.0, 37.0
7878, 4627.0, 19780.0, 6556.0, 586.0, 38.0
7879, 4636.0, 19950.0, 6518.0, 603.0, 38.0
7880, 4647.0, 19613.0, 6477.0, 574.0, 38.0
7881, 4658.0, 18901.0, 6533.0, 603.0, 36.0
7882, 4664.0, 21378.0, 6494.0, 579.0, 41.0
7883, 4678.0, 18939.0, 6422.0, 575.0, 37.0
7884, 4688.0, 19461.0, 6422.0, 573.0, 38.0
7885, 4699.0, 17873.0, 6439.0, 570.0, 35.0
7886, 4709.0, 18085.0, 6323.0, 566.0, 36.0
7887, 4719.0, 19184.0, 6519.0, 576.0, 37.0
7888, 4729.0, 19227.0, 6531.0, 574.0, 37.0
7889, 4740.0, 18285.0, 6420.0, 560.0, 36.0
7890, 4750.0, 19657.0, 6496.0, 576.0, 38.0
7891, 4760.0, 20544.0, 6581.0, 585.0, 39.0
7892, 4770.0, 19711.0, 6483.0, 581.0, 38.0
7893, 4782.0, 18419.0, 6505.0, 562.0, 36.0
7894, 4791.0, 19590.0, 6443.0, 577.0, 38.0
7895, 4802.0, 18468.0, 6446.0, 571.0, 36.0
7895, 7498.0, 11832.0, 6491.0, 538.0, 24.0
7896, 4813.0, 19608.0, 6680.0, 592.0, 37.0
7896, 7498.0, 11581.0, 6649.0, 547.0, 23.0
7897, 4823.0, 19970.0, 6519.0, 599.0, 38.0
7897, 7499.0, 12443.0, 6519.0, 542.0, 25.0
7898, 4831.0, 21973.0, 6616.0, 612.0, 41.0
7898, 7503.0, 12517.0, 6594.0, 541.0, 25.0
7899, 4844.0, 19292.0, 6576.0, 576.0, 37.0
7899, 7507.0, 11936.0, 6548.0, 535.0, 24.0
7900, 4854.0, 19071.0, 6488.0, 573.0, 37.0
7900, 7511.0, 11835.0, 6520.0, 531.0, 24.0
7901, 4865.0, 18785.0, 6614.0, 574.0, 36.0
7901, 7514.0, 12545.0, 6605.0, 540.0, 25.0
7902, 4875.0, 19007.0, 6457.0, 566.0, 37.0
7902, 7518.0, 11833.0, 6491.0, 531.0, 24.0
7903, 4886.0, 18341.0, 6413.0, 563.0, 36.0
7903, 7522.0, 11667.0, 6406.0, 523.0, 24.0
7904, 4896.0, 18798.0, 6598.0, 575.0, 36.0
7904, 7526.0, 12037.0, 6623.0, 540.0, 24.0
7905, 4907.0, 19407.0, 6655.0, 576.0, 37.0
7905, 7529.0, 13721.0, 6656.0, 560.0, 27.0
7906, 4918.0, 18190.0, 6619.0, 575.0, 35.0
7906, 7532.0, 13101.0, 6613.0, 564.0, 26.0
7907, 4927.0, 19524.0, 6638.0, 581.0, 37.0
7907, 7537.0, 12095.0, 6646.0, 541.0, 24.0
7908, 4938.0, 19219.0, 6681.0, 610.0, 36.0
7908, 7540.0, 12087.0, 6613.0, 542.0, 24.0
7909, 4946.0, 20644.0, 6636.0, 583.0, 39.0
7909, 7544.0, 12119.0, 6669.0, 548.0, 24.0
7910, 4959.0, 19076.0, 6708.0, 581.0, 36.0
7910, 7546.0, 13173.0, 6636.0, 550.0, 26.0
7911, 4969.0, 19605.0, 6665.0, 583.0, 37.0
7911, 7550.0, 12699.0, 6688.0, 552.0, 25.0
7912, 4979.0, 19832.0, 6516.0, 580.0, 38.0
7912, 7554.0, 11912.0, 6544.0, 535.0, 24.0
7913, 4990.0, 19373.0, 6573.0, 581.0, 37.0
7913, 7557.0, 11988.0, 6565.0, 538.0, 24.0
7914, 5001.0, 19642.0, 6674.0, 599.0, 37.0
7914, 7560.0, 12065.0, 6588.0, 537.0, 24.0
7915, 5010.0, 20275.0, 6513.0, 573.0, 39.0
7915, 7564.0, 11864.0, 6494.0, 529.0, 24.0
7916, 5021.0, 19772.0, 6520.0, 574.0, 38.0
7916, 7567.0, 11946.0, 6543.0, 536.0, 24.0
7917, 5032.0, 19507.0, 6590.0, 589.0, 37.0
7917, 7570.0, 12520.0, 6598.0, 545.0, 25.0
7918, 5042.0, 19563.0, 6629.0, 594.0, 37.0
7918, 7574.0, 12570.0, 6610.0, 546.0, 25.0
7919, 5053.0, 20105.0, 6652.0, 590.0, 38.0
7919, 7577.0, 12542.0, 6598.0, 546.0, 25.0
7920, 5063.0, 19955.0, 6577.0, 582.0, 38.0
7920, 7581.0, 11966.0, 6549.0, 533.0, 24.0
7921, 5074.0, 21045.0, 6548.0, 585.0, 40.0
7921, 7584.0, 12382.0, 6502.0, 535.0, 25.0
7922, 5085.0, 19365.0, 6544.0, 612.0, 37.0
7922, 7588.0, 11742.0, 6438.0, 527.0, 24.0
7923, 5094.0, 20497.0, 6599.0, 581.0, 39.0
7923, 7591.0, 13070.0, 6595.0, 542.0, 26.0
7924, 5106.0, 19875.0, 6561.0, 581.0, 38.0
7924, 7595.0, 13749.0, 6661.0, 564.0, 27.0
7925, 5115.0, 20306.0, 6504.0, 581.0, 39.0
7925, 7598.0, 12394.0, 6523.0, 534.0, 25.0
7926, 5126.0, 19297.0, 6575.0, 578.0, 37.0
7926, 7603.0, 11388.0, 6522.0, 527.0, 23.0
7927, 5137.0, 18732.0, 6597.0, 578.0, 36.0
7927, 7606.0, 11885.0, 6518.0, 530.0, 24.0
7928, 5146.0, 19519.0, 6441.0, 565.0, 38.0
7928, 7609.0, 11752.0, 6457.0, 528.0, 24.0
7929, 5157.0, 20350.0, 6525.0, 582.0, 39.0
7929, 7612.0, 11887.0, 6525.0, 533.0, 24.0
7930, 5167.0, 21135.0, 6604.0, 597.0, 40.0
7930, 7614.0, 13544.0, 6560.0, 554.0, 27.0
7931, 5178.0, 19538.0, 6572.0, 610.0, 37.0
7931, 7617.0, 12475.0, 6551.0, 545.0, 25.0
7932, 5185.0, 22250.0, 6569.0, 582.0, 42.0
7932, 7621.0, 11966.0, 6547.0, 533.0, 24.0
7933, 5198.0, 20531.0, 6562.0, 606.0, 39.0
7933, 7624.0, 11800.0, 6463.0, 528.0, 24.0
7934, 5208.0, 20391.0, 6524.0, 592.0, 39.0
7934, 7628.0, 11348.0, 6513.0, 529.0, 23.0
7935, 5219.0, 20104.0, 6706.0, 581.0, 38.0
7935, 7631.0, 11540.0, 6626.0, 537.0, 23.0
7936, 5230.0, 18534.0, 6544.0, 566.0, 36.0
7936, 7634.0, 11895.0, 6546.0, 532.0, 24.0
7937, 5239.0, 19531.0, 6435.0, 566.0, 38.0
7937, 7637.0, 11769.0, 6462.0, 525.0, 24.0
7938, 5249.0, 19870.0, 6552.0, 587.0, 38.0
7938, 7640.0, 11852.0, 6497.0, 532.0, 24.0
7939, 5258.0, 21126.0, 6562.0, 592.0, 40.0
7939, 7643.0, 11967.0, 6541.0, 538.0, 24.0
7940, 5268.0, 20317.0, 6523.0, 590.0, 39.0
7940, 6211.0, 7283.0, 5879.0, 469.0, 16.0
7940, 7646.0, 12337.0, 6470.0, 538.0, 25.0
7941, 5280.0, 19102.0, 6526.0, 567.0, 37.0
7941, 6211.0, 7279.0, 5886.0, 466.0, 16.0
7941, 7649.0, 12996.0, 6533.0, 555.0, 26.0
7942, 5290.0, 18777.0, 6605.0, 576.0, 36.0
7942, 6211.0, 7448.0, 6018.0, 477.0, 16.0
7942, 7651.0, 16007.0, 6711.0, 651.0, 30.0
7943, 5299.0, 19617.0, 6644.0, 603.0, 37.0
7943, 6211.0, 7455.0, 6028.0, 480.0, 16.0
7943, 7653.0, 22848.0, 6723.0, 655.0, 42.0
7944, 5308.0, 19753.0, 6517.0, 573.0, 38.0
7944, 6211.0, 7288.0, 5894.0, 466.0, 16.0
7944, 6765.0, 11882.0, 6525.0, 550.0, 24.0
7944, 7657.0, 23308.0, 6458.0, 631.0, 43.0
7945, 5319.0, 19847.0, 6586.0, 576.0, 38.0
7945, 6210.0, 8336.0, 5964.0, 476.0, 18.0
7945, 6770.0, 9830.0, 6468.0, 512.0, 20.0
7945, 7663.0, 17754.0, 6630.0, 582.0, 34.0
7946, 5328.0, 18912.0, 6392.0, 580.0, 37.0
7946, 6210.0, 8091.0, 5802.0, 460.0, 18.0
7946, 7666.0, 14262.0, 6373.0, 535.0, 29.0
7947, 5337.0, 19815.0, 6556.0, 576.0, 38.0
7947, 6210.0, 8297.0, 5937.0, 474.0, 18.0
7947, 7670.0, 11870.0, 6501.0, 534.0, 24.0
7948, 5347.0, 23256.0, 6529.0, 580.0, 44.0
7948, 6210.0, 8296.0, 5946.0, 472.0, 18.0
7948, 7674.0, 11926.0, 6527.0, 531.0, 24.0
7949, 5357.0, 20091.0, 6510.0, 622.0, 38.0
7949, 6210.0, 8177.0, 5861.0, 464.0, 18.0
7949, 7677.0, 11768.0, 6444.0, 525.0, 24.0
7950, 5365.0, 21200.0, 6617.0, 585.0, 40.0
7950, 6210.0, 8430.0, 6035.0, 480.0, 18.0
7950, 7681.0, 12080.0, 6628.0, 539.0, 24.0
7951, 5378.0, 18385.0, 6673.0, 577.0, 35.0
7951, 6210.0, 8421.0, 6026.0, 480.0, 18.0
7951, 7683.0, 13118.0, 6592.0, 549.0, 26.0
7952, 5387.0, 20305.0, 6689.0, 593.0, 38.0
7952, 6210.0, 8512.0, 6094.0, 485.0, 18.0
7952, 6721.0, 10007.0, 6564.0, 526.0, 20.0
7952, 7686.0, 13970.0, 6740.0, 577.0, 27.0
7953, 5396.0, 19761.0, 6718.0, 590.0, 37.0
7953, 6210.0, 8534.0, 6115.0, 486.0, 18.0
7953, 7690.0, 12763.0, 6711.0, 547.0, 25.0
7954, 5407.0, 19231.0, 6792.0, 588.0, 36.0
7954, 6211.0, 8097.0, 6148.0, 488.0, 17.0
7954, 7694.0, 12297.0, 6759.0, 549.0, 24.0
7955, 5416.0, 19571.0, 6666.0, 589.0, 37.0
7955, 6210.0, 8411.0, 6026.0, 478.0, 18.0
7955, 7697.0, 12568.0, 6615.0, 539.0, 25.0
7956, 5424.0, 20063.0, 6618.0, 588.0, 38.0
7956, 6210.0, 8366.0, 5991.0, 477.0, 18.0
7956, 7700.0, 12071.0, 6614.0, 540.0, 24.0
7957, 5435.0, 18447.0, 6718.0, 580.0, 35.0
7957, 6210.0, 8029.0, 6098.0, 484.0, 17.0
7957, 7703.0, 12626.0, 6652.0, 542.0, 25.0
7958, 5444.0, 19441.0, 6614.0, 585.0, 37.0
7958, 6210.0, 8332.0, 5963.0, 476.0, 18.0
7958, 7707.0, 11982.0, 6564.0, 534.0, 24.0
7959, 5453.0, 19159.0, 6757.0, 591.0, 36.0
7959, 6210.0, 8521.0, 6095.0, 486.0, 18.0
7959, 7710.0, 12199.0, 6677.0, 542.0, 24.0
7960, 5462.0, 18925.0, 6632.0, 584.0, 36.0
7960, 6210.0, 8333.0, 5965.0, 475.0, 18.0
7960, 7712.0, 13042.0, 6570.0, 547.0, 26.0
7961, 5470.0, 19440.0, 6583.0, 607.0, 37.0
7961, 6210.0, 8252.0, 5901.0, 472.0, 18.0
7961, 7717.0, 11324.0, 6489.0, 526.0, 23.0
7962, 5474.0, 21507.0, 6595.0, 574.0, 41.0
7962, 6210.0, 8427.0, 6038.0, 481.0, 18.0
7962, 7719.0, 13111.0, 6605.0, 549.0, 26.0
7963, 5488.0, 19087.0, 6464.0, 568.0, 37.0
7963, 6210.0, 8238.0, 5901.0, 469.0, 18.0
7963, 7722.0, 12522.0, 6575.0, 552.0, 25.0
7964, 5498.0, 19551.0, 6639.0, 589.0, 37.0
7964, 6210.0, 8381.0, 5996.0, 479.0, 18.0
7964, 7726.0, 12008.0, 6576.0, 536.0, 24.0
7965, 5506.0, 19502.0, 6521.0, 613.0, 37.0
7965, 6210.0, 8292.0, 5933.0, 473.0, 18.0
7965, 7730.0, 11353.0, 6523.0, 529.0, 23.0
7966, 5513.0, 20709.0, 6630.0, 602.0, 39.0
7966, 6210.0, 8275.0, 5921.0, 472.0, 18.0
7966, 7732.0, 11892.0, 6499.0, 533.0, 24.0
7967, 5525.0, 18532.0, 6580.0, 567.0, 36.0
7967, 6210.0, 8227.0, 5883.0, 471.0, 18.0
7967, 7736.0, 11822.0, 6484.0, 530.0, 24.0
7968, 5533.0, 18627.0, 6471.0, 587.0, 36.0
7968, 6210.0, 8207.0, 5866.0, 469.0, 18.0
7968, 7739.0, 11749.0, 6457.0, 529.0, 24.0
7969, 5523.0, 28166.0, 6354.0, 565.0, 55.0
7969, 6210.0, 8128.0, 5804.0, 466.0, 18.0
7969, 7743.0, 11197.0, 6431.0, 523.0, 23.0
7970, 5520.0, 34908.0, 6403.0, 579.0, 68.0
7970, 6210.0, 8210.0, 5867.0, 470.0, 18.0
7970, 7746.0, 11802.0, 6477.0, 529.0, 24.0
7971, 5529.0, 10389.0, 6488.0, 515.0, 21.0
7971, 5560.0, 18832.0, 6578.0, 583.0, 36.0
7971, 6210.0, 8344.0, 5963.0, 477.0, 18.0
7971, 7749.0, 11956.0, 6523.0, 535.0, 24.0
7972, 5569.0, 18817.0, 6615.0, 588.0, 36.0
7972, 6210.0, 8282.0, 5925.0, 473.0, 18.0
7972, 7753.0, 11932.0, 6546.0, 536.0, 24.0
7973, 5577.0, 18650.0, 6541.0, 578.0, 36.0
7973, 6210.0, 8273.0, 5917.0, 474.0, 18.0
7973, 7756.0, 12445.0, 6514.0, 544.0, 25.0
7974, 5587.0, 17433.0, 6544.0, 566.0, 34.0
7974, 6210.0, 8228.0, 5887.0, 469.0, 18.0
7974, 7758.0, 14132.0, 6555.0, 574.0, 28.0
7975, 5595.0, 17377.0, 6519.0, 566.0, 34.0
7975, 6210.0, 8172.0, 5846.0, 466.0, 18.0
7975, 7758.0, 15052.0, 6440.0, 558.0, 30.0
7976, 5603.0, 17720.0, 6449.0, 562.0, 35.0
7976, 6210.0, 8157.0, 5824.0, 468.0, 18.0
7976, 7767.0, 12225.0, 6456.0, 525.0, 25.0
7977, 5611.0, 17841.0, 6451.0, 562.0, 35.0
7977, 6210.0, 8212.0, 5855.0, 473.0, 18.0
7977, 7770.0, 12791.0, 6446.0, 531.0, 26.0
7978, 5619.0, 18048.0, 6492.0, 575.0, 35.0
7978, 6210.0, 8245.0, 5894.0, 471.0, 18.0
7978, 7773.0, 12890.0, 6479.0, 538.0, 26.0
7979, 5627.0, 17251.0, 6446.0, 560.0, 34.0
7979, 6210.0, 8149.0, 5830.0, 466.0, 18.0
7979, 7778.0, 11745.0, 6448.0, 528.0, 24.0
7980, 5637.0, 14063.0, 6519.0, 521.0, 28.0
7980, 6210.0, 8378.0, 5983.0, 480.0, 18.0
7980, 7782.0, 11974.0, 6597.0, 537.0, 24.0
7981, 6210.0, 8238.0, 5877.0, 474.0, 18.0
7981, 7785.0, 12348.0, 6479.0, 533.0, 25.0
7982, 6210.0, 8349.0, 5955.0, 480.0, 18.0
7982, 7788.0, 12981.0, 6557.0, 544.0, 26.0
7983, 6210.0, 8184.0, 5846.0, 469.0, 18.0
7983, 7792.0, 12276.0, 6454.0, 534.0, 25.0
7984, 6210.0, 8346.0, 5956.0, 479.0, 18.0
7984, 7795.0, 13007.0, 6552.0, 540.0, 26.0
7985, 6210.0, 8205.0, 5870.0, 468.0, 18.0
7985, 6679.0, 12863.0, 6503.0, 549.0, 26.0
7985, 7757.0, 42390.0, 6400.0, 626.0, 81.0
7986, 6210.0, 8373.0, 5989.0, 477.0, 18.0
7986, 6676.0, 11958.0, 6568.0, 538.0, 24.0
7986, 7388.0, 14230.0, 6575.0, 565.0, 28.0
7986, 7653.0, 94043.0, 6507.0, 577.0, 176.0
7987, 6210.0, 8331.0, 5959.0, 475.0, 18.0
7987, 7400.0, 10288.0, 6457.0, 515.0, 21.0
7987, 7564.0, 71399.0, 6484.0, 590.0, 134.0
7988, 6210.0, 8113.0, 5794.0, 464.0, 18.0
7988, 7397.0, 11051.0, 6334.0, 511.0, 23.0
7988, 7470.0, 65531.0, 6339.0, 568.0, 127.0
7989, 3823.0, 10734.0, 6439.0, 535.0, 22.0
7989, 6210.0, 8251.0, 5893.0, 474.0, 18.0
7989, 7382.0, 66538.0, 6496.0, 573.0, 125.0
7990, 6210.0, 8238.0, 5886.0, 473.0, 18.0
7990, 7252.0, 13496.0, 6471.0, 556.0, 27.0
7990, 7287.0, 72212.0, 6347.0, 561.0, 137.0
7991, 6210.0, 8365.0, 5983.0, 478.0, 18.0
7991, 7216.0, 56155.0, 6522.0, 630.0, 105.0
7992, 6210.0, 8440.0, 6032.0, 483.0, 18.0
7992, 7136.0, 63528.0, 6574.0, 589.0, 118.0
7993, 6210.0, 8254.0, 5897.0, 472.0, 18.0
7993, 7057.0, 62456.0, 6409.0, 551.0, 120.0
7994, 6211.0, 7418.0, 5986.0, 478.0, 16.0
7994, 6969.0, 57992.0, 6585.0, 586.0, 110.0
7995, 6210.0, 8215.0, 5879.0, 469.0, 18.0
7995, 6912.0, 43742.0, 6417.0, 550.0, 84.0
7996, 6210.0, 7728.0, 5867.0, 466.0, 17.0
7996, 6828.0, 55434.0, 6383.0, 539.0, 108.0
7997, 6210.0, 8359.0, 5977.0, 477.0, 18.0
7997, 6757.0, 50044.0, 6587.0, 631.0, 91.0
7998, 6211.0, 7354.0, 5938.0, 473.0, 16.0
7998, 6454.0, 15632.0, 6438.0, 563.0, 31.0
7998, 6559.0, 14603.0, 6523.0, 560.0, 29.0
7998, 6683.0, 51047.0, 6460.0, 552.0, 97.0
7999, 6210.0, 7744.0, 5873.0, 468.0, 17.0
7999, 6453.0, 10693.0, 6443.0, 529.0, 22.0
7999, 6557.0, 12976.0, 6568.0, 573.0, 26.0
7999, 6600.0, 56738.0, 6378.0, 622.0, 106.0
8000, 6211.0, 7580.0, 6121.0, 487.0, 16.0
8000, 6396.0, 11619.0, 6661.0, 549.0, 23.0
8000, 6454.0, 10446.0, 6556.0, 519.0, 21.0
8000, 6486.0, 9946.0, 6549.0, 524.0, 20.0
8000, 6530.0, 53439.0, 6617.0, 718.0, 95.0
8001, 6211.0, 7634.0, 6163.0, 491.0, 16.0
8001, 6396.0, 11637.0, 6650.0, 537.0, 23.0
8001, 6449.0, 55827.0, 6863.0, 631.0, 100.0
8002, 6211.0, 7573.0, 6125.0, 484.0, 16.0
8002, 6369.0, 62428.0, 6609.0, 671.0, 110.0
8003, 6284.0, 61674.0, 6652.0, 648.0, 109.0
8003, 6434.0, 11137.0, 6696.0, 557.0, 22.0
8004, 6212.0, 59515.0, 7379.0, 710.0, 103.0
8004, 6341.0, 16998.0, 6795.0, 613.0, 32.0
8005, 6337.0, 19464.0, 7017.0, 721.0, 34.0
8006, 6339.0, 15102.0, 6611.0, 628.0, 29.0
8007, 6211.0, 7637.0, 6172.0, 490.0, 16.0
8008, 6211.0, 7421.0, 5991.0, 478.0, 16.0
8009, 6211.0, 7404.0, 5973.0, 478.0, 16.0
8010, 6211.0, 7510.0, 6064.0, 484.0, 16.0
8013, 6211.0, 7399.0, 5978.0, 476.0, 16.0
8015, 7475.0, 11469.0, 6555.0, 531.0, 23.0
8016, 7474.0, 13031.0, 6578.0, 550.0, 26.0
8017, 7476.0, 11326.0, 6469.0, 520.0, 23.0
8046, 3553.0, 10893.0, 6491.0, 516.0, 22.0
8047, 3552.0, 14784.0, 6653.0, 557.0, 29.0
8053, 6340.0, 8436.0, 6498.0, 516.0, 17.0
8065, 4625.0, 7951.0, 6049.0, 479.0, 17.0
8071, 4626.0, 7476.0, 6043.0, 480.0, 16.0
8073, 4626.0, 7608.0, 6158.0, 486.0, 16.0
8074, 4626.0, 7579.0, 6134.0, 484.0, 16.0
8075, 4625.0, 8620.0, 6178.0, 491.0, 18.0
8076, 4626.0, 7588.0, 6137.0, 485.0, 16.0
8077, 4625.0, 8439.0, 6054.0, 480.0, 18.0
8078, 4626.0, 7525.0, 6083.0, 482.0, 16.0
8079, 4625.0, 8623.0, 6182.0, 491.0, 18.0
8080, 4626.0, 7860.0, 5978.0, 474.0, 17.0
8081, 4626.0, 7744.0, 5883.0, 468.0, 17.0
8081, 4781.0, 11877.0, 6528.0, 548.0, 24.0
8082, 4626.0, 7899.0, 5996.0, 477.0, 17.0
8082, 6212.0, 7501.0, 6063.0, 480.0, 16.0
8083, 4626.0, 7755.0, 5894.0, 469.0, 17.0
8084, 4626.0, 7768.0, 5894.0, 471.0, 17.0
8084, 6212.0, 7389.0, 5961.0, 476.0, 16.0
8085, 4625.0, 8344.0, 5989.0, 477.0, 18.0
8085, 6212.0, 7508.0, 6052.0, 486.0, 16.0
8086, 4625.0, 8289.0, 5946.0, 474.0, 18.0
8087, 4625.0, 8283.0, 5935.0, 473.0, 18.0
8088, 4625.0, 8965.0, 6080.0, 487.0, 19.0
8088, 6212.0, 7616.0, 6143.0, 492.0, 16.0
8089, 4625.0, 8460.0, 6071.0, 482.0, 18.0
8090, 4625.0, 8940.0, 6054.0, 485.0, 19.0
8091, 4625.0, 8788.0, 5951.0, 477.0, 19.0
8092, 4625.0, 8253.0, 5917.0, 471.0, 18.0
8092, 6212.0, 7418.0, 5988.0, 477.0, 16.0
8093, 4625.0, 8695.0, 5902.0, 472.0, 19.0
8094, 4626.0, 7990.0, 6068.0, 483.0, 17.0
8094, 6212.0, 7630.0, 6150.0, 494.0, 16.0
8095, 4625.0, 8960.0, 6080.0, 484.0, 19.0
8096, 4625.0, 8567.0, 6142.0, 489.0, 18.0
8097, 4625.0, 8338.0, 5971.0, 477.0, 18.0
8097, 6211.0, 7969.0, 6045.0, 482.0, 17.0
8098, 4625.0, 8542.0, 6123.0, 488.0, 18.0
8098, 6212.0, 7682.0, 6200.0, 494.0, 16.0
8099, 4625.0, 8519.0, 6102.0, 487.0, 18.0
8099, 6212.0, 7688.0, 6211.0, 494.0, 16.0
8100, 4625.0, 8542.0, 6119.0, 488.0, 18.0
8101, 4625.0, 8513.0, 6098.0, 487.0, 18.0
8102, 4625.0, 8412.0, 6022.0, 482.0, 18.0
8103, 4625.0, 8352.0, 5983.0, 477.0, 18.0
8104, 4625.0, 8374.0, 6003.0, 478.0, 18.0
8105, 4625.0, 8458.0, 6053.0, 483.0, 18.0
8105, 6212.0, 7577.0, 6113.0, 489.0, 16.0
8106, 4625.0, 8415.0, 6021.0, 484.0, 18.0
8106, 6212.0, 7580.0, 6123.0, 486.0, 16.0
8107, 4625.0, 8376.0, 6003.0, 477.0, 18.0
8108, 4625.0, 8582.0, 6144.0, 489.0, 18.0
8109, 4625.0, 8359.0, 5986.0, 477.0, 18.0
8109, 6212.0, 7524.0, 6071.0, 485.0, 16.0
8110, 4625.0, 8479.0, 6073.0, 483.0, 18.0
8111, 4625.0, 8225.0, 5889.0, 470.0, 18.0
8112, 4626.0, 8010.0, 6089.0, 485.0, 17.0
8112, 6212.0, 7611.0, 6133.0, 493.0, 16.0
8113, 4626.0, 7805.0, 5935.0, 473.0, 17.0
8113, 6212.0, 7444.0, 6006.0, 480.0, 16.0
8114, 4625.0, 8472.0, 6069.0, 483.0, 18.0
8115, 4625.0, 8357.0, 5997.0, 475.0, 18.0
8115, 6212.0, 7517.0, 6065.0, 484.0, 16.0
8116, 6212.0, 7608.0, 6138.0, 490.0, 16.0
8117, 4626.0, 8007.0, 6076.0, 485.0, 17.0
8118, 4626.0, 7985.0, 6068.0, 483.0, 17.0
8119, 4625.0, 8346.0, 5985.0, 477.0, 18.0
8120, 4626.0, 7828.0, 5944.0, 472.0, 17.0
8121, 4625.0, 8294.0, 5944.0, 474.0, 18.0
8122, 3837.0, 10776.0, 6408.0, 509.0, 22.0
8123, 3836.0, 12706.0, 6371.0, 517.0, 26.0
8123, 4626.0, 7222.0, 5838.0, 463.0, 16.0
8126, 4626.0, 7465.0, 6036.0, 478.0, 16.0
